10.250	0.001567
10.275	0.001044
10.300	0.001044
10.325	0.001567
10.350	0.000522
10.375	0.000522
10.400	0.002089
10.425	0.001044
10.450	0.000522
10.475	0.000522
10.500	0.000522
10.525	0.001567
10.550	0.001044
10.575	0.000522
10.600	0.002089
10.625	0.002089
10.650	0.000522
10.675	0.002089
10.700	0.002089
10.725	0.002089
10.750	0.000522
10.775	0.001044
10.800	0.001044
10.825	0.001044
10.850	0.001044
10.875	0.001044
10.900	0.002611
10.925	0.000522
10.950	0.000522
10.975	0.000522
11.000	0.001044
11.025	0.001044
11.050	0.002089
11.075	0.002611
11.100	0.002089
11.125	0.003133
11.150	0.000000
11.175	0.001044
11.200	0.002611
11.225	0.001044
11.250	0.002089
11.275	0.002089
11.300	0.001044
11.325	0.001044
11.350	0.002089
11.375	0.000522
11.400	0.001567
11.425	0.002611
11.450	0.002089
11.475	0.001044
11.500	0.000000
11.525	0.000522
11.550	0.003133
11.575	0.001567
11.600	0.003133
11.625	0.001044
11.650	0.003133
11.675	0.002089
11.700	0.000522
11.725	0.002611
11.750	0.002089
11.775	0.001567
11.800	0.001044
11.825	0.000522
11.850	0.004178
11.875	0.001567
11.900	0.002089
11.925	0.000000
11.950	0.002611
11.975	0.000000
12.000	0.000522
12.025	0.002611
12.050	0.000522
12.075	0.002089
12.100	0.002089
12.125	0.000522
12.150	0.001567
12.175	0.001044
12.200	0.002089
12.225	0.000522
12.250	0.000522
12.275	0.001044
12.300	0.002089
12.325	0.001567
12.350	0.002611
12.375	0.002089
12.400	0.000522
12.425	0.002611
12.450	0.001567
12.475	0.002089
12.500	0.001044
12.525	0.001044
12.550	0.002089
12.575	0.003655
12.600	0.000522
12.625	0.001044
12.650	0.001567
12.675	0.001567
12.700	0.000522
12.725	0.000522
12.750	0.002611
12.775	0.000522
12.800	0.002611
12.825	0.001044
12.850	0.001044
12.875	0.000522
12.900	0.001567
12.925	0.003133
12.950	0.002089
12.975	0.002089
13.000	0.000000
13.025	0.001567
13.050	0.002611
13.075	0.002611
13.100	0.000000
13.125	0.003133
13.150	0.000522
13.175	0.001567
13.200	0.002611
13.225	0.002611
13.250	0.000522
13.275	0.001044
13.300	0.000522
13.325	0.002611
13.350	0.001567
13.375	0.003133
13.400	0.001567
13.425	0.002089
13.450	0.002089
13.475	0.002089
13.500	0.001567
13.525	0.002089
13.550	0.001567
13.575	0.002089
13.600	0.002089
13.625	0.000522
13.650	0.002089
13.675	0.001567
13.700	0.001567
13.725	0.001567
13.750	0.001567
13.775	0.002089
13.800	0.002611
13.825	0.003655
13.850	0.001044
13.875	0.003133
13.900	0.003133
13.925	0.002611
13.950	0.001567
13.975	0.002611
14.000	0.001567
14.025	0.000000
14.050	0.002611
14.075	0.001567
14.100	0.004178
14.125	0.002089
14.150	0.003655
14.175	0.004178
14.200	0.003655
14.225	0.002611
14.250	0.002611
14.275	0.001567
14.300	0.002089
14.325	0.002089
14.350	0.002089
14.375	0.004700
14.400	0.003133
14.425	0.002089
14.450	0.001044
14.475	0.003133
14.500	0.003133
14.525	0.001044
14.550	0.002611
14.575	0.002089
14.600	0.002611
14.625	0.001567
14.650	0.001567
14.675	0.004700
14.700	0.002089
14.725	0.001567
14.750	0.002089
14.775	0.001044
14.800	0.002089
14.825	0.001567
14.850	0.005222
14.875	0.003133
14.900	0.002611
14.925	0.004178
14.950	0.005222
14.975	0.001044
15.000	0.001567
15.025	0.001044
15.050	0.002089
15.075	0.002089
15.100	0.002089
15.125	0.003133
15.150	0.003133
15.175	0.000522
15.200	0.003133
15.225	0.003655
15.250	0.002089
15.275	0.001044
15.300	0.004178
15.325	0.002611
15.350	0.000522
15.375	0.002611
15.400	0.003655
15.425	0.003655
15.450	0.003133
15.475	0.003133
15.500	0.001044
15.525	0.000000
15.550	0.003133
15.575	0.002611
15.600	0.001567
15.625	0.003655
15.650	0.001044
15.675	0.002089
15.700	0.002089
15.725	0.004178
15.750	0.002611
15.775	0.002611
15.800	0.004178
15.825	0.003655
15.850	0.002611
15.875	0.002089
15.900	0.002089
15.925	0.002611
15.950	0.002089
15.975	0.002089
16.000	0.001567
16.025	0.000000
16.050	0.004178
16.075	0.003133
16.100	0.002611
16.125	0.003655
16.150	0.004700
16.175	0.001044
16.200	0.003133
16.225	0.000522
16.250	0.001567
16.275	0.003655
16.300	0.002611
16.325	0.003655
16.350	0.001044
16.375	0.004178
16.400	0.003133
16.425	0.001567
16.450	0.004178
16.475	0.004178
16.500	0.004700
16.525	0.001567
16.550	0.002089
16.575	0.002611
16.600	0.000522
16.625	0.005222
16.650	0.003655
16.675	0.002089
16.700	0.002611
16.725	0.001567
16.750	0.004178
16.775	0.002611
16.800	0.003655
16.825	0.002089
16.850	0.004178
16.875	0.001044
16.900	0.004178
16.925	0.004700
16.950	0.001567
16.975	0.004178
17.000	0.002611
17.025	0.002611
17.050	0.003133
17.075	0.002611
17.100	0.001567
17.125	0.004178
17.150	0.003133
17.175	0.002089
17.200	0.001567
17.225	0.004178
17.250	0.001567
17.275	0.001567
17.300	0.003133
17.325	0.002611
17.350	0.005222
17.375	0.002089
17.400	0.002611
17.425	0.001044
17.450	0.001567
17.475	0.003655
17.500	0.001044
17.525	0.002611
17.550	0.003133
17.575	0.002089
17.600	0.001567
17.625	0.002089
17.650	0.002089
17.675	0.001567
17.700	0.003655
17.725	0.001567
17.750	0.003133
17.775	0.003655
17.800	0.002089
17.825	0.001567
17.850	0.002089
17.875	0.004178
17.900	0.002089
17.925	0.000522
17.950	0.003655
17.975	0.002611
18.000	0.005222
18.025	0.001567
18.050	0.001567
18.075	0.003133
18.100	0.002611
18.125	0.002611
18.150	0.001044
18.175	0.002611
18.200	0.002089
18.225	0.003655
18.250	0.002089
18.275	0.002089
18.300	0.001044
18.325	0.002611
18.350	0.004178
18.375	0.001567
18.400	0.000522
18.425	0.002089
18.450	0.000000
18.475	0.003655
18.500	0.004178
18.525	0.003655
18.550	0.002089
18.575	0.002089
18.600	0.003133
18.625	0.003133
18.650	0.002089
18.675	0.004178
18.700	0.002611
18.725	0.001567
18.750	0.002611
18.775	0.002611
18.800	0.001567
18.825	0.004700
18.850	0.001567
18.875	0.006266
18.900	0.002611
18.925	0.002089
18.950	0.003133
18.975	0.004178
19.000	0.003133
19.025	0.001567
19.050	0.005222
19.075	0.003655
19.100	0.003133
19.125	0.004700
19.150	0.004178
19.175	0.003133
19.200	0.002089
19.225	0.001567
19.250	0.001567
19.275	0.003133
19.300	0.001567
19.325	0.002611
19.350	0.002611
19.375	0.004178
19.400	0.003655
19.425	0.004700
19.450	0.001044
19.475	0.005222
19.500	0.003655
19.525	0.003655
19.550	0.001044
19.575	0.002089
19.600	0.001044
19.625	0.005744
19.650	0.005222
19.675	0.002611
19.700	0.003655
19.725	0.003133
19.750	0.004178
19.775	0.003133
19.800	0.002089
19.825	0.002089
19.850	0.006266
19.875	0.004178
19.900	0.002089
19.925	0.002089
19.950	0.002089
19.975	0.003133
20.000	0.002611
20.025	0.002611
20.050	0.005744
20.075	0.003655
20.100	0.001567
20.125	0.001044
20.150	0.003655
20.175	0.002611
20.200	0.003655
20.225	0.003133
20.250	0.002089
20.275	0.003655
20.300	0.004178
20.325	0.003655
20.350	0.003133
20.375	0.003133
20.400	0.002089
20.425	0.001044
20.450	0.002611
20.475	0.002611
20.500	0.001567
20.525	0.003133
20.550	0.002089
20.575	0.001567
20.600	0.004700
20.625	0.002611
20.650	0.001567
20.675	0.003655
20.700	0.003133
20.725	0.003133
20.750	0.003133
20.775	0.003655
20.800	0.002611
20.825	0.003655
20.850	0.000522
20.875	0.001567
20.900	0.002089
20.925	0.004178
20.950	0.001567
20.975	0.002611
21.000	0.005744
21.025	0.003655
21.050	0.003655
21.075	0.005222
21.100	0.002089
21.125	0.002089
21.150	0.003655
21.175	0.002089
21.200	0.002611
21.225	0.003133
21.250	0.001567
21.275	0.005744
21.300	0.002611
21.325	0.003133
21.350	0.005744
21.375	0.006266
21.400	0.002089
21.425	0.006266
21.450	0.002089
21.475	0.001567
21.500	0.002089
21.525	0.004700
21.550	0.003655
21.575	0.002611
21.600	0.001567
21.625	0.002089
21.650	0.003655
21.675	0.003655
21.700	0.004178
21.725	0.006266
21.750	0.002611
21.775	0.001567
21.800	0.001567
21.825	0.002611
21.850	0.004700
21.875	0.002611
21.900	0.004178
21.925	0.003133
21.950	0.001567
21.975	0.003655
22.000	0.005222
22.025	0.002611
22.050	0.003133
22.075	0.005222
22.100	0.001044
22.125	0.001567
22.150	0.002089
22.175	0.004178
22.200	0.002089
22.225	0.002611
22.250	0.001567
22.275	0.004700
22.300	0.005222
22.325	0.003133
22.350	0.002611
22.375	0.002611
22.400	0.004700
22.425	0.001567
22.450	0.003133
22.475	0.003655
22.500	0.002089
22.525	0.004178
22.550	0.004700
22.575	0.002089
22.600	0.005744
22.625	0.003655
22.650	0.001567
22.675	0.003133
22.700	0.004178
22.725	0.004700
22.750	0.004178
22.775	0.002611
22.800	0.003655
22.825	0.004178
22.850	0.003655
22.875	0.002089
22.900	0.003655
22.925	0.003655
22.950	0.002611
22.975	0.002611
23.000	0.003655
23.025	0.002611
23.050	0.000000
23.075	0.002611
23.100	0.002611
23.125	0.003655
23.150	0.003133
23.175	0.003655
23.200	0.004700
23.225	0.003133
23.250	0.002089
23.275	0.004178
23.300	0.002611
23.325	0.003133
23.350	0.004178
23.375	0.003133
23.400	0.004700
23.425	0.002089
23.450	0.004178
23.475	0.003133
23.500	0.005222
23.525	0.004178
23.550	0.003655
23.575	0.001567
23.600	0.004700
23.625	0.002089
23.650	0.002089
23.675	0.002089
23.700	0.003655
23.725	0.002089
23.750	0.003133
23.775	0.001567
23.800	0.003655
23.825	0.001567
23.850	0.003133
23.875	0.002611
23.900	0.002611
23.925	0.003133
23.950	0.003133
23.975	0.002611
24.000	0.002089
24.025	0.002089
24.050	0.005222
24.075	0.005222
24.100	0.003655
24.125	0.002611
24.150	0.003655
24.175	0.003133
24.200	0.003655
24.225	0.004178
24.250	0.002611
24.275	0.004178
24.300	0.001567
24.325	0.001044
24.350	0.001567
24.375	0.001044
24.400	0.004178
24.425	0.002611
24.450	0.004700
24.475	0.002089
24.500	0.003133
24.525	0.003133
24.550	0.001044
24.575	0.003655
24.600	0.001567
24.625	0.002089
24.650	0.002089
24.675	0.002611
24.700	0.006266
24.725	0.001567
24.750	0.004700
24.775	0.006266
24.800	0.004700
24.825	0.004178
24.850	0.003655
24.875	0.002611
24.900	0.002089
24.925	0.003655
24.950	0.005744
24.975	0.003133
25.000	0.002611
25.025	0.004178
25.050	0.002611
25.075	0.003133
25.100	0.004178
25.125	0.007311
25.150	0.003655
25.175	0.007311
25.200	0.004700
25.225	0.007833
25.250	0.007311
25.275	0.012010
25.300	0.012010
25.325	0.013055
25.350	0.017755
25.375	0.012010
25.400	0.019321
25.425	0.020888
25.450	0.020366
25.475	0.020888
25.500	0.021410
25.525	0.031332
25.550	0.032376
25.575	0.035509
25.600	0.037076
25.625	0.041775
25.650	0.049086
25.675	0.050131
25.700	0.041253
25.725	0.053786
25.750	0.064752
25.775	0.054830
25.800	0.064752
25.825	0.059530
25.850	0.062141
25.875	0.062141
25.900	0.051697
25.925	0.058486
25.950	0.042820
25.975	0.040731
26.000	0.043342
26.025	0.033943
26.050	0.042820
26.075	0.034465
26.100	0.032376
26.125	0.026110
26.150	0.031332
26.175	0.022977
26.200	0.027676
26.225	0.012010
26.250	0.014621
26.275	0.010966
26.300	0.014099
26.325	0.010966
26.350	0.008355
26.375	0.006789
26.400	0.008877
26.425	0.006789
26.450	0.003655
26.475	0.006266
26.500	0.005222
26.525	0.003133
26.550	0.003133
26.575	0.005744
26.600	0.004700
26.625	0.002611
26.650	0.002089
26.675	0.001567
26.700	0.003133
26.725	0.002611
26.750	0.004178
26.775	0.003133
26.800	0.004700
26.825	0.003133
26.850	0.003133
26.875	0.003655
26.900	0.003655
26.925	0.004178
26.950	0.004700
26.975	0.003133
27.000	0.004700
27.025	0.004178
27.050	0.003133
27.075	0.005744
27.100	0.003133
27.125	0.004700
27.150	0.003133
27.175	0.003655
27.200	0.002089
27.225	0.005744
27.250	0.005222
27.275	0.003133
27.300	0.007311
27.325	0.006789
27.350	0.003655
27.375	0.005744
27.400	0.001044
27.425	0.004700
27.450	0.005222
27.475	0.003133
27.500	0.003655
27.525	0.003133
27.550	0.006266
27.575	0.002089
27.600	0.003655
27.625	0.002089
27.650	0.004178
27.675	0.003655
27.700	0.004700
27.725	0.003655
27.750	0.002089
27.775	0.005222
27.800	0.003655
27.825	0.004700
27.850	0.005222
27.875	0.004178
27.900	0.002611
27.925	0.004178
27.950	0.004700
27.975	0.002611
28.000	0.003133
28.025	0.001567
28.050	0.004700
28.075	0.003655
28.100	0.005222
28.125	0.003655
28.150	0.003133
28.175	0.004178
28.200	0.005744
28.225	0.004700
28.250	0.003655
28.275	0.006266
28.300	0.006266
28.325	0.003655
28.350	0.004178
28.375	0.002089
28.400	0.001567
28.425	0.004700
28.450	0.004700
28.475	0.005744
28.500	0.003655
28.525	0.004700
28.550	0.003133
28.575	0.004700
28.600	0.003655
28.625	0.004700
28.650	0.004178
28.675	0.004700
28.700	0.001567
28.725	0.004700
28.750	0.003133
28.775	0.001044
28.800	0.002611
28.825	0.006266
28.850	0.004700
28.875	0.001567
28.900	0.001567
28.925	0.002089
28.950	0.004178
28.975	0.006266
29.000	0.003133
29.025	0.002089
29.050	0.003133
29.075	0.003133
29.100	0.003655
29.125	0.004178
29.150	0.005222
29.175	0.002089
29.200	0.003133
29.225	0.005222
29.250	0.003133
29.275	0.006266
29.300	0.004700
29.325	0.006266
29.350	0.003133
29.375	0.003655
29.400	0.004700
29.425	0.004178
29.450	0.002089
29.475	0.006266
29.500	0.003133
29.525	0.005222
29.550	0.003655
29.575	0.004700
29.600	0.002611
29.625	0.003655
29.650	0.003133
29.675	0.004700
29.700	0.004700
29.725	0.003655
29.750	0.001567
29.775	0.003133
29.800	0.001044
29.825	0.004700
29.850	0.001567
29.875	0.003655
29.900	0.004178
29.925	0.003133
29.950	0.006266
29.975	0.006266
30.000	0.004178
30.025	0.004700
30.050	0.003133
30.075	0.001044
30.100	0.004700
30.125	0.002089
30.150	0.002089
30.175	0.003133
30.200	0.004700
30.225	0.003655
30.250	0.004700
30.275	0.005222
30.300	0.003133
30.325	0.003655
30.350	0.003133
30.375	0.003655
30.400	0.003133
30.425	0.003133
30.450	0.003133
30.475	0.005222
30.500	0.006266
30.525	0.006266
30.550	0.003655
30.575	0.006789
30.600	0.003133
30.625	0.004700
30.650	0.002611
30.675	0.003133
30.700	0.006266
30.725	0.003655
30.750	0.004700
30.775	0.003133
30.800	0.004178
30.825	0.006789
30.850	0.002089
30.875	0.005744
30.900	0.003133
30.925	0.005222
30.950	0.004700
30.975	0.001567
31.000	0.004700
31.025	0.002089
31.050	0.006789
31.075	0.005222
31.100	0.004178
31.125	0.003133
31.150	0.002611
31.175	0.002611
31.200	0.004700
31.225	0.001567
31.250	0.005744
31.275	0.005744
31.300	0.004178
31.325	0.002611
31.350	0.003655
31.375	0.004700
31.400	0.003655
31.425	0.002089
31.450	0.004178
31.475	0.003133
31.500	0.005744
31.525	0.003655
31.550	0.003655
31.575	0.004178
31.600	0.005744
31.625	0.004700
31.650	0.004178
31.675	0.004700
31.700	0.005222
31.725	0.003133
31.750	0.006789
31.775	0.002611
31.800	0.006789
31.825	0.004178
31.850	0.005222
31.875	0.002611
31.900	0.005222
31.925	0.002089
31.950	0.003133
31.975	0.003655
32.000	0.002611
32.025	0.008877
32.050	0.004700
32.075	0.005222
32.100	0.002089
32.125	0.004700
32.150	0.005744
32.175	0.004700
32.200	0.003133
32.225	0.003655
32.250	0.002089
32.275	0.003133
32.300	0.003655
32.325	0.004700
32.350	0.002611
32.375	0.003655
32.400	0.007833
32.425	0.004700
32.450	0.005222
32.475	0.005222
32.500	0.002611
32.525	0.003133
32.550	0.002611
32.575	0.001567
32.600	0.004700
32.625	0.005222
32.650	0.002611
32.675	0.006266
32.700	0.002611
32.725	0.002611
32.750	0.006266
32.775	0.002089
32.800	0.002611
32.825	0.002089
32.850	0.003133
32.875	0.007833
32.900	0.005744
32.925	0.002611
32.950	0.004700
32.975	0.001567
33.000	0.002611
33.025	0.001567
33.050	0.004700
33.075	0.004700
33.100	0.005744
33.125	0.007311
33.150	0.002611
33.175	0.003655
33.200	0.003655
33.225	0.007833
33.250	0.002611
33.275	0.004700
33.300	0.007311
33.325	0.004178
33.350	0.006266
33.375	0.003655
33.400	0.002611
33.425	0.001567
33.450	0.004178
33.475	0.002089
33.500	0.003655
33.525	0.004700
33.550	0.003655
33.575	0.005222
33.600	0.004178
33.625	0.006266
33.650	0.003133
33.675	0.005744
33.700	0.001567
33.725	0.005222
33.750	0.004178
33.775	0.003133
33.800	0.005222
33.825	0.003655
33.850	0.004178
33.875	0.004178
33.900	0.005744
33.925	0.004700
33.950	0.003655
33.975	0.006266
34.000	0.005744
34.025	0.005222
34.050	0.002611
34.075	0.006789
34.100	0.005744
34.125	0.005222
34.150	0.004178
34.175	0.005222
34.200	0.006789
34.225	0.002089
34.250	0.002611
34.275	0.005744
34.300	0.005744
34.325	0.003655
34.350	0.004178
34.375	0.003133
34.400	0.003655
34.425	0.005744
34.450	0.004700
34.475	0.004178
34.500	0.003655
34.525	0.010444
34.550	0.001567
34.575	0.003133
34.600	0.003655
34.625	0.004178
34.650	0.006789
34.675	0.001567
34.700	0.004178
34.725	0.005744
34.750	0.002611
34.775	0.006789
34.800	0.004178
34.825	0.006266
34.850	0.006266
34.875	0.009399
34.900	0.005744
34.925	0.007311
34.950	0.009922
34.975	0.007833
35.000	0.012533
35.025	0.012010
35.050	0.012533
35.075	0.017232
35.100	0.015666
35.125	0.016710
35.150	0.018277
35.175	0.018277
35.200	0.023499
35.225	0.026632
35.250	0.034465
35.275	0.038120
35.300	0.035509
35.325	0.048564
35.350	0.048564
35.375	0.047520
35.400	0.048042
35.425	0.048042
35.450	0.052742
35.475	0.046997
35.500	0.040731
35.525	0.055875
35.550	0.051175
35.575	0.053264
35.600	0.045431
35.625	0.050131
35.650	0.038642
35.675	0.042820
35.700	0.042298
35.725	0.029243
35.750	0.025065
35.775	0.020888
35.800	0.020888
35.825	0.016710
35.850	0.014621
35.875	0.020888
35.900	0.013577
35.925	0.013055
35.950	0.013055
35.975	0.015666
36.000	0.007833
36.025	0.005744
36.050	0.008355
36.075	0.006266
36.100	0.006789
36.125	0.004700
36.150	0.004700
36.175	0.006789
36.200	0.004700
36.225	0.005744
36.250	0.008877
36.275	0.005222
36.300	0.005744
36.325	0.002611
36.350	0.007311
36.375	0.004178
36.400	0.005222
36.425	0.003133
36.450	0.003655
36.475	0.008355
36.500	0.003655
36.525	0.002089
36.550	0.004178
36.575	0.004178
36.600	0.004700
36.625	0.003655
36.650	0.004700
36.675	0.004178
36.700	0.002611
36.725	0.005744
36.750	0.002611
36.775	0.005744
36.800	0.002611
36.825	0.004700
36.850	0.007311
36.875	0.003655
36.900	0.002611
36.925	0.006266
36.950	0.007311
36.975	0.006266
37.000	0.004700
37.025	0.003655
37.050	0.006266
37.075	0.004700
37.100	0.005744
37.125	0.005744
37.150	0.006266
37.175	0.005744
37.200	0.005744
37.225	0.004700
37.250	0.004178
37.275	0.004700
37.300	0.003133
37.325	0.004700
37.350	0.006266
37.375	0.004178
37.400	0.005744
37.425	0.003655
37.450	0.004178
37.475	0.005744
37.500	0.004700
37.525	0.005744
37.550	0.004700
37.575	0.003133
37.600	0.004700
37.625	0.006266
37.650	0.009399
37.675	0.005222
37.700	0.007311
37.725	0.004700
37.750	0.004700
37.775	0.006789
37.800	0.005222
37.825	0.005744
37.850	0.005222
37.875	0.009922
37.900	0.007833
37.925	0.009399
37.950	0.006266
37.975	0.007833
38.000	0.010444
38.025	0.013055
38.050	0.013055
38.075	0.010444
38.100	0.012533
38.125	0.015144
38.150	0.011488
38.175	0.009922
38.200	0.011488
38.225	0.008877
38.250	0.006266
38.275	0.008877
38.300	0.009399
38.325	0.007833
38.350	0.006266
38.375	0.007311
38.400	0.009399
38.425	0.007833
38.450	0.006266
38.475	0.004700
38.500	0.003655
38.525	0.006266
38.550	0.004700
38.575	0.004700
38.600	0.005222
38.625	0.005744
38.650	0.008877
38.675	0.004700
38.700	0.005222
38.725	0.005222
38.750	0.006789
38.775	0.004178
38.800	0.004178
38.825	0.002611
38.850	0.005222
38.875	0.004700
38.900	0.004178
38.925	0.003133
38.950	0.004178
38.975	0.007311
39.000	0.002611
39.025	0.003133
39.050	0.003655
39.075	0.003655
39.100	0.006266
39.125	0.006266
39.150	0.004700
39.175	0.005222
39.200	0.004700
39.225	0.004700
39.250	0.003655
39.275	0.003133
39.300	0.004700
39.325	0.005222
39.350	0.005222
39.375	0.004700
39.400	0.003655
39.425	0.006789
39.450	0.006266
39.475	0.005744
39.500	0.003133
39.525	0.004178
39.550	0.005222
39.575	0.004700
39.600	0.003655
39.625	0.003133
39.650	0.006789
39.675	0.006266
39.700	0.003133
39.725	0.003133
39.750	0.005222
39.775	0.004700
39.800	0.005222
39.825	0.005744
39.850	0.003655
39.875	0.004700
39.900	0.005222
39.925	0.003655
39.950	0.004178
39.975	0.006266
40.000	0.007311
40.025	0.007833
40.050	0.002611
40.075	0.003655
40.100	0.003133
40.125	0.005744
40.150	0.004700
40.175	0.004700
40.200	0.004178
40.225	0.007833
40.250	0.005222
40.275	0.008355
40.300	0.003655
40.325	0.006266
40.350	0.004700
40.375	0.004178
40.400	0.005222
40.425	0.002611
40.450	0.005222
40.475	0.003655
40.500	0.002611
40.525	0.002611
40.550	0.003133
40.575	0.007833
40.600	0.003655
40.625	0.002611
40.650	0.003655
40.675	0.007311
40.700	0.004700
40.725	0.007833
40.750	0.005744
40.775	0.005744
40.800	0.005222
40.825	0.005222
40.850	0.003133
40.875	0.005222
40.900	0.005222
40.925	0.005222
40.950	0.004178
40.975	0.004700
41.000	0.003133
41.025	0.005222
41.050	0.006266
41.075	0.006266
41.100	0.003655
41.125	0.006789
41.150	0.006266
41.175	0.009399
41.200	0.005222
41.225	0.006789
41.250	0.006789
41.275	0.007833
41.300	0.006789
41.325	0.005222
41.350	0.011488
41.375	0.008877
41.400	0.010444
41.425	0.009922
41.450	0.013055
41.475	0.013055
41.500	0.018799
41.525	0.014621
41.550	0.019321
41.575	0.018277
41.600	0.025587
41.625	0.025065
41.650	0.031854
41.675	0.040209
41.700	0.042820
41.725	0.041253
41.750	0.045953
41.775	0.059008
41.800	0.064230
41.825	0.063708
41.850	0.074151
41.875	0.083029
41.900	0.090862
41.925	0.106005
41.950	0.098172
41.975	0.114883
42.000	0.120104
42.025	0.124804
42.050	0.126371
42.075	0.125849
42.100	0.130026
42.125	0.108094
42.150	0.111227
42.175	0.108616
42.200	0.109661
42.225	0.098172
42.250	0.097128
42.275	0.091906
42.300	0.075718
42.325	0.085640
42.350	0.062141
42.375	0.059530
42.400	0.049086
42.425	0.048564
42.450	0.045953
42.475	0.027676
42.500	0.029765
42.525	0.027154
42.550	0.030287
42.575	0.025065
42.600	0.016188
42.625	0.019321
42.650	0.012010
42.675	0.015666
42.700	0.015666
42.725	0.008877
42.750	0.008355
42.775	0.008355
42.800	0.005222
42.825	0.011488
42.850	0.008355
42.875	0.006266
42.900	0.016710
42.925	0.012010
42.950	0.014621
42.975	0.022977
43.000	0.017232
43.025	0.031332
43.050	0.030809
43.075	0.038120
43.100	0.048042
43.125	0.054308
43.150	0.069452
43.175	0.093473
43.200	0.104961
43.225	0.102872
43.250	0.151958
43.275	0.139426
43.300	0.191123
43.325	0.198433
43.350	0.224543
43.375	0.286684
43.400	0.315405
43.425	0.325326
43.450	0.393734
43.475	0.442298
43.500	0.477807
43.525	0.545170
43.550	0.596867
43.575	0.665274
43.600	0.726371
43.625	0.809922
43.650	0.838120
43.675	0.904961
43.700	0.927937
43.725	0.985379
43.750	0.996345
43.775	0.947258
43.800	0.990078
43.825	1.000000
43.850	0.946736
43.875	0.851697
43.900	0.832376
43.925	0.766057
43.950	0.732637
43.975	0.644386
44.000	0.608877
44.025	0.553525
44.050	0.479896
44.075	0.415666
44.100	0.391123
44.125	0.322193
44.150	0.288251
44.175	0.255352
44.200	0.205744
44.225	0.206266
44.250	0.163446
44.275	0.149347
44.300	0.110183
44.325	0.108094
44.350	0.083029
44.375	0.079373
44.400	0.056397
44.425	0.046475
44.450	0.045431
44.475	0.038120
44.500	0.032376
44.525	0.019321
44.550	0.020366
44.575	0.017755
44.600	0.010444
44.625	0.008877
44.650	0.012010
44.675	0.004700
44.700	0.008355
44.725	0.008355
44.750	0.004700
44.775	0.006266
44.800	0.003133
44.825	0.003133
44.850	0.005744
44.875	0.006266
44.900	0.005222
44.925	0.006789
44.950	0.003655
44.975	0.005744
45.000	0.002611
45.025	0.003655
45.050	0.005222
45.075	0.004178
45.100	0.005222
45.125	0.005744
45.150	0.003133
45.175	0.009922
45.200	0.002611
45.225	0.002611
45.250	0.004700
45.275	0.004178
45.300	0.008877
45.325	0.002611
45.350	0.006266
45.375	0.006266
45.400	0.003133
45.425	0.005222
45.450	0.006789
45.475	0.005222
45.500	0.004178
45.525	0.009922
45.550	0.005744
45.575	0.002611
45.600	0.004178
45.625	0.006266
45.650	0.005744
45.675	0.006266
45.700	0.005222
45.725	0.007311
45.750	0.008355
45.775	0.003133
45.800	0.006266
45.825	0.004700
45.850	0.004700
45.875	0.004700
45.900	0.003655
45.925	0.003655
45.950	0.006266
45.975	0.006266
46.000	0.006266
46.025	0.002611
46.050	0.004178
46.075	0.006789
46.100	0.003133
46.125	0.007833
46.150	0.003655
46.175	0.005222
46.200	0.009399
46.225	0.009922
46.250	0.003655
46.275	0.007833
46.300	0.006266
46.325	0.006266
46.350	0.006266
46.375	0.007311
46.400	0.005222
46.425	0.006789
46.450	0.008355
46.475	0.009922
46.500	0.007833
46.525	0.005222
46.550	0.005744
46.575	0.012010
46.600	0.008355
46.625	0.008355
46.650	0.008355
46.675	0.007311
46.700	0.005222
46.725	0.007833
46.750	0.008877
46.775	0.002089
46.800	0.005744
46.825	0.008355
46.850	0.006266
46.875	0.008355
46.900	0.007311
46.925	0.008355
46.950	0.005744
46.975	0.004178
47.000	0.003655
47.025	0.005744
47.050	0.005222
47.075	0.005222
47.100	0.005744
47.125	0.007311
47.150	0.006789
47.175	0.004178
47.200	0.006266
47.225	0.006266
47.250	0.004700
47.275	0.003655
47.300	0.003655
47.325	0.006789
47.350	0.006266
47.375	0.002611
47.400	0.004700
47.425	0.004700
47.450	0.007833
47.475	0.004178
47.500	0.004700
47.525	0.003655
47.550	0.007311
47.575	0.007833
47.600	0.004178
47.625	0.004178
47.650	0.005744
47.675	0.005222
47.700	0.009922
47.725	0.004700
47.750	0.005222
47.775	0.006266
47.800	0.006789
47.825	0.003655
47.850	0.006789
47.875	0.004178
47.900	0.006266
47.925	0.005222
47.950	0.005222
47.975	0.003133
48.000	0.004700
48.025	0.005744
48.050	0.006789
48.075	0.005744
48.100	0.005222
48.125	0.010966
48.150	0.005222
48.175	0.005744
48.200	0.004178
48.225	0.006789
48.250	0.005744
48.275	0.005744
48.300	0.007833
48.325	0.007311
48.350	0.004178
48.375	0.006266
48.400	0.005744
48.425	0.005222
48.450	0.004178
48.475	0.006789
48.500	0.003655
48.525	0.005222
48.550	0.003655
48.575	0.003655
48.600	0.006789
48.625	0.006789
48.650	0.003655
48.675	0.007311
48.700	0.003133
48.725	0.005222
48.750	0.007833
48.775	0.006789
48.800	0.008877
48.825	0.005744
48.850	0.004178
48.875	0.004700
48.900	0.006789
48.925	0.006266
48.950	0.006266
48.975	0.005744
49.000	0.006266
49.025	0.005744
49.050	0.003655
49.075	0.008877
49.100	0.003655
49.125	0.003655
49.150	0.006266
49.175	0.005744
49.200	0.003133
49.225	0.004700
49.250	0.005744
49.275	0.004700
49.300	0.007311
49.325	0.006266
49.350	0.006789
49.375	0.005222
49.400	0.002611
49.425	0.001567
49.450	0.003655
49.475	0.006266
49.500	0.005222
49.525	0.006789
49.550	0.009399
49.575	0.007833
49.600	0.008355
49.625	0.002089
49.650	0.003133
49.675	0.004178
49.700	0.006789
49.725	0.006789
49.750	0.009399
49.775	0.006266
49.800	0.005222
49.825	0.006789
49.850	0.007833
49.875	0.005744
49.900	0.002611
49.925	0.003133
49.950	0.007311
49.975	0.006789
50.000	0.005222
50.025	0.006789
50.050	0.005744
50.075	0.003655
50.100	0.005744
50.125	0.007833
50.150	0.007311
50.175	0.004178
50.200	0.005744
50.225	0.006266
50.250	0.002611
50.275	0.005222
50.300	0.006789
50.325	0.004178
50.350	0.007311
50.375	0.004178
50.400	0.003655
50.425	0.007311
50.450	0.006789
50.475	0.005744
50.500	0.006789
50.525	0.006789
50.550	0.004178
50.575	0.005222
50.600	0.007311
50.625	0.006789
50.650	0.005744
50.675	0.003655
50.700	0.006266
50.725	0.005222
50.750	0.002611
50.775	0.007311
50.800	0.006266
50.825	0.004178
50.850	0.005222
50.875	0.007311
50.900	0.003655
50.925	0.009922
50.950	0.004178
50.975	0.004178
51.000	0.004178
51.025	0.005744
51.050	0.004178
51.075	0.005744
51.100	0.006266
51.125	0.007833
51.150	0.007311
51.175	0.005222
51.200	0.004700
51.225	0.007311
51.250	0.005222
51.275	0.006266
51.300	0.005222
51.325	0.004178
51.350	0.008355
51.375	0.010444
51.400	0.003655
51.425	0.007311
51.450	0.005222
51.475	0.004178
51.500	0.007833
51.525	0.007311
51.550	0.004178
51.575	0.006266
51.600	0.004178
51.625	0.005222
51.650	0.006266
51.675	0.005222
51.700	0.008877
51.725	0.004178
51.750	0.008355
51.775	0.006266
51.800	0.008355
51.825	0.005744
51.850	0.007833
51.875	0.005744
51.900	0.005222
51.925	0.006789
51.950	0.003655
51.975	0.005744
52.000	0.007833
52.025	0.004700
52.050	0.005744
52.075	0.005222
52.100	0.006789
52.125	0.005744
52.150	0.005222
52.175	0.004700
52.200	0.010444
52.225	0.003655
52.250	0.015666
52.275	0.011488
52.300	0.009399
52.325	0.006789
52.350	0.011488
52.375	0.010444
52.400	0.012533
52.425	0.017755
52.450	0.019843
52.475	0.018277
52.500	0.016710
52.525	0.029765
52.550	0.027676
52.575	0.025587
52.600	0.038120
52.625	0.044909
52.650	0.037598
52.675	0.040731
52.700	0.053264
52.725	0.050653
52.750	0.068407
52.775	0.065274
52.800	0.072585
52.825	0.086162
52.850	0.080418
52.875	0.083029
52.900	0.106527
52.925	0.138903
52.950	0.127937
52.975	0.116449
53.000	0.151958
53.025	0.151958
53.050	0.161880
53.075	0.153003
53.100	0.151436
53.125	0.138903
53.150	0.156136
53.175	0.140992
53.200	0.122193
53.225	0.112272
53.250	0.106005
53.275	0.096606
53.300	0.075718
53.325	0.083551
53.350	0.077807
53.375	0.074674
53.400	0.059008
53.425	0.057963
53.450	0.051175
53.475	0.053264
53.500	0.037076
53.525	0.039687
53.550	0.027154
53.575	0.027676
53.600	0.031332
53.625	0.028198
53.650	0.018277
53.675	0.015144
53.700	0.012010
53.725	0.016710
53.750	0.012533
53.775	0.009922
53.800	0.009399
53.825	0.009399
53.850	0.012533
53.875	0.008877
53.900	0.005222
53.925	0.005744
53.950	0.005744
53.975	0.006789
54.000	0.009399
54.025	0.006266
54.050	0.007833
54.075	0.003655
54.100	0.007833
54.125	0.005222
54.150	0.008877
54.175	0.006789
54.200	0.005222
54.225	0.008877
54.250	0.006266
54.275	0.008877
54.300	0.008355
54.325	0.004178
54.350	0.008877
54.375	0.008355
54.400	0.009922
54.425	0.004700
54.450	0.007833
54.475	0.003655
54.500	0.004700
54.525	0.006266
54.550	0.003133
54.575	0.003133
54.600	0.006266
54.625	0.005744
54.650	0.006266
54.675	0.002611
54.700	0.007833
54.725	0.006789
54.750	0.008877
54.775	0.004178
54.800	0.006266
54.825	0.005744
54.850	0.003133
54.875	0.006789
54.900	0.004178
54.925	0.005744
54.950	0.007311
54.975	0.004700
55.000	0.009399
55.025	0.004700
55.050	0.005744
55.075	0.005222
55.100	0.005222
55.125	0.005744
55.150	0.004178
55.175	0.005744
55.200	0.003655
55.225	0.003655
55.250	0.004178
55.275	0.005222
55.300	0.004178
55.325	0.005744
55.350	0.007311
55.375	0.005222
55.400	0.007833
55.425	0.003655
55.450	0.006266
55.475	0.005222
55.500	0.008355
55.525	0.006266
55.550	0.005744
55.575	0.006266
55.600	0.005222
55.625	0.007833
55.650	0.005744
55.675	0.008355
55.700	0.009922
55.725	0.007833
55.750	0.006789
55.775	0.008355
55.800	0.008877
55.825	0.005744
55.850	0.005222
55.875	0.004178
55.900	0.006789
55.925	0.007833
55.950	0.006266
55.975	0.006789
56.000	0.004700
56.025	0.007833
56.050	0.003655
56.075	0.004700
56.100	0.009922
56.125	0.009922
56.150	0.004700
56.175	0.006266
56.200	0.006789
56.225	0.004178
56.250	0.008877
56.275	0.005222
56.300	0.011488
56.325	0.008877
56.350	0.006789
56.375	0.007311
56.400	0.007833
56.425	0.002611
56.450	0.005744
56.475	0.006266
56.500	0.005744
56.525	0.004700
56.550	0.009399
56.575	0.004178
56.600	0.005744
56.625	0.004700
56.650	0.003655
56.675	0.006266
56.700	0.008355
56.725	0.004700
56.750	0.007833
56.775	0.008877
56.800	0.003133
56.825	0.008877
56.850	0.004178
56.875	0.007833
56.900	0.008355
56.925	0.002611
56.950	0.006266
56.975	0.006266
57.000	0.002611
57.025	0.004178
57.050	0.009922
57.075	0.008355
57.100	0.006789
57.125	0.009399
57.150	0.012010
57.175	0.015144
57.200	0.018277
57.225	0.020888
57.250	0.020366
57.275	0.021410
57.300	0.029243
57.325	0.029765
57.350	0.035509
57.375	0.038120
57.400	0.055352
57.425	0.045431
57.450	0.057963
57.475	0.074151
57.500	0.074151
57.525	0.092950
57.550	0.101305
57.575	0.102350
57.600	0.126893
57.625	0.149869
57.650	0.156658
57.675	0.172324
57.700	0.174413
57.725	0.216710
57.750	0.224021
57.775	0.250131
57.800	0.275718
57.825	0.309661
57.850	0.363446
57.875	0.410966
57.900	0.406789
57.925	0.461097
57.950	0.520627
57.975	0.559269
58.000	0.622454
58.025	0.642820
58.050	0.639164
58.075	0.638642
58.100	0.644909
58.125	0.650131
58.150	0.627676
58.175	0.583290
58.200	0.518016
58.225	0.497650
58.250	0.432376
58.275	0.410966
58.300	0.375457
58.325	0.324804
58.350	0.280940
58.375	0.263185
58.400	0.236031
58.425	0.228721
58.450	0.204700
58.475	0.177023
58.500	0.149869
58.525	0.137859
58.550	0.131070
58.575	0.115405
58.600	0.102872
58.625	0.098695
58.650	0.080940
58.675	0.076762
58.700	0.071018
58.725	0.054830
58.750	0.046475
58.775	0.034987
58.800	0.037598
58.825	0.028721
58.850	0.027676
58.875	0.021410
58.900	0.025065
58.925	0.018799
58.950	0.015144
58.975	0.015666
59.000	0.004700
59.025	0.012533
59.050	0.005744
59.075	0.008355
59.100	0.008355
59.125	0.007833
59.150	0.006789
59.175	0.011488
59.200	0.007833
59.225	0.005222
59.250	0.006789
59.275	0.007311
59.300	0.006266
59.325	0.005744
59.350	0.005744
59.375	0.005222
59.400	0.005222
59.425	0.006789
59.450	0.007833
59.475	0.008355
59.500	0.010444
59.525	0.010966
59.550	0.008877
59.575	0.007311
59.600	0.010444
59.625	0.007833
59.650	0.012533
59.675	0.012010
59.700	0.008877
59.725	0.014621
59.750	0.015144
59.775	0.013577
59.800	0.017755
59.825	0.015144
59.850	0.021410
59.875	0.016710
59.900	0.021410
59.925	0.018277
59.950	0.023499
59.975	0.027676
60.000	0.028198
60.025	0.031854
60.050	0.032376
60.075	0.039164
60.100	0.046475
60.125	0.043864
60.150	0.037598
60.175	0.049608
60.200	0.051175
60.225	0.050131
60.250	0.061619
60.275	0.066841
60.300	0.074151
60.325	0.069452
60.350	0.068930
60.375	0.073107
60.400	0.075196
60.425	0.066841
60.450	0.078329
60.475	0.069452
60.500	0.056397
60.525	0.055875
60.550	0.049086
60.575	0.045431
60.600	0.036031
60.625	0.027154
60.650	0.028721
60.675	0.028721
60.700	0.025587
60.725	0.027154
60.750	0.017755
60.775	0.020366
60.800	0.016710
60.825	0.019321
60.850	0.019321
60.875	0.020888
60.900	0.012533
60.925	0.017232
60.950	0.016188
60.975	0.014621
61.000	0.015666
61.025	0.006789
61.050	0.014099
61.075	0.007311
61.100	0.011488
61.125	0.008355
61.150	0.010444
61.175	0.008877
61.200	0.008355
61.225	0.014099
61.250	0.008877
61.275	0.007311
61.300	0.009399
61.325	0.011488
61.350	0.009399
61.375	0.007833
61.400	0.018277
61.425	0.011488
61.450	0.016710
61.475	0.013577
61.500	0.014621
61.525	0.015144
61.550	0.013055
61.575	0.016710
61.600	0.019321
61.625	0.016188
61.650	0.017755
61.675	0.024543
61.700	0.026632
61.725	0.031854
61.750	0.031854
61.775	0.033420
61.800	0.040209
61.825	0.032898
61.850	0.037598
61.875	0.034987
61.900	0.038120
61.925	0.042298
61.950	0.046475
61.975	0.041253
62.000	0.039164
62.025	0.031854
62.050	0.037598
62.075	0.033420
62.100	0.028721
62.125	0.032898
62.150	0.021410
62.175	0.023499
62.200	0.020888
62.225	0.020888
62.250	0.020366
62.275	0.021932
62.300	0.018277
62.325	0.020888
62.350	0.008877
62.375	0.013055
62.400	0.012010
62.425	0.010444
62.450	0.015666
62.475	0.012010
62.500	0.013577
62.525	0.009399
62.550	0.016710
62.575	0.006789
62.600	0.007311
62.625	0.012533
62.650	0.005222
62.675	0.008355
62.700	0.008877
62.725	0.007311
62.750	0.005744
62.775	0.001567
62.800	0.010444
62.825	0.006789
62.850	0.007311
62.875	0.004178
62.900	0.006789
62.925	0.008355
62.950	0.009922
62.975	0.005744
63.000	0.006789
63.025	0.004178
63.050	0.005222
63.075	0.005744
63.100	0.006789
63.125	0.007311
63.150	0.005744
63.175	0.005222
63.200	0.007311
63.225	0.005744
63.250	0.006789
63.275	0.007833
63.300	0.005744
63.325	0.006789
63.350	0.010444
63.375	0.006266
63.400	0.003133
63.425	0.006266
63.450	0.006266
63.475	0.009922
63.500	0.004178
63.525	0.005744
63.550	0.008355
63.575	0.004700
63.600	0.009922
63.625	0.008877
63.650	0.006789
63.675	0.005222
63.700	0.004178
63.725	0.007833
63.750	0.008355
63.775	0.003133
63.800	0.004178
63.825	0.007833
63.850	0.006789
63.875	0.004700
63.900	0.005222
63.925	0.005744
63.950	0.006266
63.975	0.006789
64.000	0.006266
64.025	0.006266
64.050	0.007311
64.075	0.008877
64.100	0.007311
64.125	0.008355
64.150	0.009922
64.175	0.007311
64.200	0.005222
64.225	0.005222
64.250	0.007833
64.275	0.004700
64.300	0.004700
64.325	0.009922
64.350	0.006266
64.375	0.004700
64.400	0.005744
64.425	0.006266
64.450	0.004700
64.475	0.007311
64.500	0.004700
64.525	0.006266
64.550	0.008355
64.575	0.003655
64.600	0.010444
64.625	0.004700
64.650	0.005744
64.675	0.007833
64.700	0.008877
64.725	0.003655
64.750	0.006789
64.775	0.007311
64.800	0.008877
64.825	0.006266
64.850	0.007833
64.875	0.005744
64.900	0.006789
64.925	0.006789
64.950	0.008355
64.975	0.006266
65.000	0.008877
65.025	0.004178
65.050	0.005222
65.075	0.009399
65.100	0.003655
65.125	0.008355
65.150	0.003133
65.175	0.007311
65.200	0.007833
65.225	0.008355
65.250	0.006789
65.275	0.005222
65.300	0.006789
65.325	0.004700
65.350	0.005744
65.375	0.007833
65.400	0.007833
65.425	0.004178
65.450	0.005744
65.475	0.009399
65.500	0.004178
65.525	0.008355
65.550	0.004178
65.575	0.007311
65.600	0.006266
65.625	0.004700
65.650	0.007833
65.675	0.007833
65.700	0.007833
65.725	0.007311
65.750	0.006266
65.775	0.009922
65.800	0.005222
65.825	0.008355
65.850	0.007833
65.875	0.008877
65.900	0.009399
65.925	0.010444
65.950	0.005744
65.975	0.006266
66.000	0.004700
66.025	0.006789
66.050	0.007833
66.075	0.003655
66.100	0.008355
66.125	0.007833
66.150	0.009922
66.175	0.008877
66.200	0.007311
66.225	0.008355
66.250	0.007833
66.275	0.009922
66.300	0.009922
66.325	0.008877
66.350	0.012010
66.375	0.010966
66.400	0.009922
66.425	0.010966
66.450	0.017232
66.475	0.018799
66.500	0.018277
66.525	0.013055
66.550	0.019321
66.575	0.021932
66.600	0.021410
66.625	0.024543
66.650	0.026632
66.675	0.026110
66.700	0.027676
66.725	0.047520
66.750	0.040209
66.775	0.042298
66.800	0.040209
66.825	0.044386
66.850	0.043864
66.875	0.058486
66.900	0.066841
66.925	0.063708
66.950	0.073107
66.975	0.072063
67.000	0.081984
67.025	0.102350
67.050	0.103916
67.075	0.119582
67.100	0.129504
67.125	0.145692
67.150	0.158225
67.175	0.167102
67.200	0.155614
67.225	0.170235
67.250	0.154047
67.275	0.159791
67.300	0.149347
67.325	0.135770
67.350	0.115405
67.375	0.108094
67.400	0.107572
67.425	0.086684
67.450	0.085640
67.475	0.080940
67.500	0.062663
67.525	0.074151
67.550	0.054308
67.575	0.050653
67.600	0.041253
67.625	0.042820
67.650	0.038642
67.675	0.038642
67.700	0.037076
67.725	0.034465
67.750	0.032376
67.775	0.035509
67.800	0.024543
67.825	0.027154
67.850	0.025065
67.875	0.022977
67.900	0.026110
67.925	0.025065
67.950	0.024021
67.975	0.025587
68.000	0.026110
68.025	0.021410
68.050	0.033943
68.075	0.037076
68.100	0.036554
68.125	0.041775
68.150	0.040209
68.175	0.039164
68.200	0.064230
68.225	0.054308
68.250	0.057441
68.275	0.068930
68.300	0.080940
68.325	0.081462
68.350	0.095561
68.375	0.119060
68.400	0.112794
68.425	0.133681
68.450	0.161880
68.475	0.158225
68.500	0.171802
68.525	0.187990
68.550	0.215666
68.575	0.257441
68.600	0.272063
68.625	0.269974
68.650	0.301305
68.675	0.345692
68.700	0.394778
68.725	0.390078
68.750	0.465796
68.775	0.516449
68.800	0.563969
68.825	0.631332
68.850	0.701828
68.875	0.703916
68.900	0.781201
68.925	0.755614
68.950	0.798956
68.975	0.743603
69.000	0.695039
69.025	0.646997
69.050	0.640731
69.075	0.561358
69.100	0.497650
69.125	0.453264
69.150	0.406266
69.175	0.362402
69.200	0.329504
69.225	0.311227
69.250	0.279373
69.275	0.254830
69.300	0.225587
69.325	0.229243
69.350	0.193211
69.375	0.188512
69.400	0.146736
69.425	0.142037
69.450	0.116449
69.475	0.108094
69.500	0.116449
69.525	0.098695
69.550	0.086162
69.575	0.067885
69.600	0.076762
69.625	0.067885
69.650	0.053264
69.675	0.048042
69.700	0.045431
69.725	0.042298
69.750	0.027676
69.775	0.032898
69.800	0.027676
69.825	0.019843
69.850	0.019321
69.875	0.018277
69.900	0.018277
69.925	0.012010
69.950	0.012010
69.975	0.009922
70.000	0.012010
70.025	0.005222
70.050	0.010444
70.075	0.005744
70.100	0.007833
70.125	0.006789
70.150	0.007311
70.175	0.009399
70.200	0.007311
70.225	0.008877
70.250	0.007311
70.275	0.008355
70.300	0.007311
70.325	0.005744
70.350	0.008877
70.375	0.006266
70.400	0.014621
70.425	0.012533
70.450	0.013055
70.475	0.008877
70.500	0.008877
70.525	0.009922
70.550	0.014621
70.575	0.014099
70.600	0.017755
70.625	0.016188
70.650	0.018277
70.675	0.016710
70.700	0.016710
70.725	0.016710
70.750	0.015666
70.775	0.021932
70.800	0.028721
70.825	0.023499
70.850	0.029765
70.875	0.033420
70.900	0.033943
70.925	0.033420
70.950	0.040731
70.975	0.046997
71.000	0.042298
71.025	0.044386
71.050	0.055352
71.075	0.055875
71.100	0.063185
71.125	0.057963
71.150	0.064752
71.175	0.067363
71.200	0.083551
71.225	0.066841
71.250	0.053786
71.275	0.065274
71.300	0.041775
71.325	0.047520
71.350	0.047520
71.375	0.038120
71.400	0.028198
71.425	0.035509
71.450	0.022454
71.475	0.027154
71.500	0.028721
71.525	0.022977
71.550	0.026110
71.575	0.019843
71.600	0.027154
71.625	0.020366
71.650	0.021410
71.675	0.019321
71.700	0.015666
71.725	0.020888
71.750	0.016710
71.775	0.013055
71.800	0.012533
71.825	0.014099
71.850	0.010966
71.875	0.008355
71.900	0.012010
71.925	0.006266
71.950	0.010966
71.975	0.007833
72.000	0.007311
72.025	0.009399
72.050	0.011488
72.075	0.008877
72.100	0.005744
72.125	0.007311
72.150	0.008355
72.175	0.008355
72.200	0.008877
72.225	0.008355
72.250	0.008877
72.275	0.006789
72.300	0.009399
72.325	0.006266
72.350	0.007833
72.375	0.007833
72.400	0.006266
72.425	0.007311
72.450	0.008355
72.475	0.006266
72.500	0.005744
72.525	0.006266
72.550	0.006789
72.575	0.006266
72.600	0.006266
72.625	0.007311
72.650	0.009922
72.675	0.005744
72.700	0.006266
72.725	0.005744
72.750	0.008355
72.775	0.009399
72.800	0.007311
72.825	0.007833
72.850	0.004700
72.875	0.007833
72.900	0.007833
72.925	0.005222
72.950	0.008877
72.975	0.007311
73.000	0.006266
73.025	0.004178
73.050	0.005744
73.075	0.009399
73.100	0.006789
73.125	0.009922
73.150	0.005222
73.175	0.006266
73.200	0.008355
73.225	0.006266
73.250	0.010444
73.275	0.008355
73.300	0.007833
73.325	0.010444
73.350	0.008877
73.375	0.008355
73.400	0.008355
73.425	0.007833
73.450	0.006789
73.475	0.007311
73.500	0.009399
73.525	0.008877
73.550	0.006789
73.575	0.006266
73.600	0.006789
73.625	0.009399
73.650	0.004178
73.675	0.005222
73.700	0.007833
73.725	0.005222
73.750	0.007833
73.775	0.007311
73.800	0.006789
73.825	0.004178
73.850	0.008355
73.875	0.008877
73.900	0.008877
73.925	0.010444
73.950	0.007833
73.975	0.004700
74.000	0.009399
74.025	0.003655
74.050	0.006266
74.075	0.007833
74.100	0.006789
74.125	0.004700
74.150	0.008355
74.175	0.006789
74.200	0.009922
74.225	0.002089
74.250	0.008877
74.275	0.010444
74.300	0.007311
74.325	0.006789
74.350	0.007311
74.375	0.007833
74.400	0.008355
74.425	0.008355
74.450	0.004700
74.475	0.008877
74.500	0.007311
74.525	0.008355
74.550	0.008355
74.575	0.006789
74.600	0.007311
74.625	0.007311
74.650	0.008355
74.675	0.005744
74.700	0.009399
74.725	0.007311
74.750	0.007833
74.775	0.008355
74.800	0.005744
74.825	0.007311
74.850	0.007311
74.875	0.004178
74.900	0.007833
74.925	0.004700
74.950	0.007311
74.975	0.010444
75.000	0.013055
75.025	0.006266
75.050	0.007311
75.075	0.010966
75.100	0.006789
75.125	0.004178
75.150	0.010444
75.175	0.005222
75.200	0.010444
75.225	0.007311
75.250	0.007833
75.275	0.009922
75.300	0.007833
75.325	0.006266
75.350	0.008877
75.375	0.007833
75.400	0.008877
75.425	0.008355
75.450	0.009399
75.475	0.005222
75.500	0.005744
75.525	0.007311
75.550	0.010444
75.575	0.007833
75.600	0.009922
75.625	0.008877
75.650	0.007833
75.675	0.007833
75.700	0.004178
75.725	0.004700
75.750	0.004700
75.775	0.006789
75.800	0.004700
75.825	0.009399
75.850	0.006789
75.875	0.010966
75.900	0.007311
75.925	0.005222
75.950	0.003655
75.975	0.006789
76.000	0.008877
76.025	0.007311
76.050	0.009399
76.075	0.007833
76.100	0.005744
76.125	0.009922
76.150	0.010966
76.175	0.005222
76.200	0.007311
76.225	0.007311
76.250	0.005222
76.275	0.009399
76.300	0.005744
76.325	0.006789
76.350	0.006789
76.375	0.008355
76.400	0.007311
76.425	0.005744
76.450	0.010444
76.475	0.007833
76.500	0.006266
76.525	0.007833
76.550	0.008355
76.575	0.006789
76.600	0.010966
76.625	0.010966
76.650	0.007311
76.675	0.006789
76.700	0.007311
76.725	0.006266
76.750	0.007311
76.775	0.012533
76.800	0.008877
76.825	0.013577
76.850	0.013055
76.875	0.009922
76.900	0.012533
76.925	0.017232
76.950	0.019321
76.975	0.016188
77.000	0.021410
77.025	0.017232
77.050	0.024543
77.075	0.022977
77.100	0.028198
77.125	0.028198
77.150	0.032898
77.175	0.030809
77.200	0.037598
77.225	0.039687
77.250	0.042820
77.275	0.058486
77.300	0.057963
77.325	0.068930
77.350	0.064752
77.375	0.082507
77.400	0.084595
77.425	0.091906
77.450	0.097650
77.475	0.121149
77.500	0.116971
77.525	0.136292
77.550	0.147258
77.575	0.165535
77.600	0.181723
77.625	0.213055
77.650	0.244909
77.675	0.238120
77.700	0.237598
77.725	0.262663
77.750	0.269452
77.775	0.272585
77.800	0.294517
77.825	0.301828
77.850	0.294517
77.875	0.332115
77.900	0.373368
77.925	0.412010
77.950	0.417232
77.975	0.463185
78.000	0.513838
78.025	0.567102
78.050	0.529504
78.075	0.596345
78.100	0.561358
78.125	0.553525
78.150	0.545692
78.175	0.487206
78.200	0.452219
78.225	0.386423
78.250	0.346736
78.275	0.332637
78.300	0.269974
78.325	0.262663
78.350	0.246475
78.375	0.232898
78.400	0.208877
78.425	0.209399
78.450	0.169713
78.475	0.147258
78.500	0.142037
78.525	0.124804
78.550	0.129504
78.575	0.113316
78.600	0.106527
78.625	0.106005
78.650	0.080418
78.675	0.087206
78.700	0.072585
78.725	0.081462
78.750	0.059008
78.775	0.058486
78.800	0.051175
78.825	0.041253
78.850	0.032898
78.875	0.040731
78.900	0.025065
78.925	0.029243
78.950	0.032376
78.975	0.024543
79.000	0.016710
79.025	0.021410
79.050	0.014621
79.075	0.013055
79.100	0.013577
79.125	0.015666
79.150	0.009922
79.175	0.013577
79.200	0.009399
79.225	0.006266
79.250	0.006266
79.275	0.007833
79.300	0.004700
79.325	0.006266
79.350	0.006266
79.375	0.012010
79.400	0.010966
79.425	0.004700
79.450	0.007833
79.475	0.010966
79.500	0.006266
79.525	0.008355
79.550	0.005222
79.575	0.009922
79.600	0.007833
79.625	0.010966
79.650	0.005744
79.675	0.008355
79.700	0.006789
79.725	0.008355
79.750	0.009399
79.775	0.006789
79.800	0.009399
79.825	0.009399
79.850	0.006266
79.875	0.010966
79.900	0.004700
79.925	0.005222
79.950	0.010966
79.975	0.013055
80.000	0.009922
80.025	0.005222
80.050	0.007311
80.075	0.011488
80.100	0.007311
80.125	0.009399
80.150	0.008355
80.175	0.009922
80.200	0.003655
80.225	0.010966
80.250	0.007311
80.275	0.011488
80.300	0.007311
80.325	0.006789
80.350	0.013055
80.375	0.007311
80.400	0.013577
80.425	0.010444
80.450	0.007311
80.475	0.010966
80.500	0.007311
80.525	0.013577
80.550	0.010444
80.575	0.009399
80.600	0.013577
80.625	0.012533
80.650	0.013577
80.675	0.010966
80.700	0.012533
80.725	0.021410
80.750	0.019843
80.775	0.016188
80.800	0.014099
80.825	0.012533
80.850	0.019321
80.875	0.016710
80.900	0.017755
80.925	0.017232
80.950	0.021932
80.975	0.028721
81.000	0.022454
81.025	0.024021
81.050	0.022977
81.075	0.029765
81.100	0.031332
81.125	0.036554
81.150	0.034465
81.175	0.040209
81.200	0.038120
81.225	0.040209
81.250	0.052219
81.275	0.042298
81.300	0.061619
81.325	0.050653
81.350	0.046475
81.375	0.057963
81.400	0.046997
81.425	0.043864
81.450	0.048564
81.475	0.045953
81.500	0.038642
81.525	0.029243
81.550	0.029765
81.575	0.033943
81.600	0.029243
81.625	0.030287
81.650	0.021932
81.675	0.020888
81.700	0.019321
81.725	0.024021
81.750	0.021932
81.775	0.017232
81.800	0.016710
81.825	0.016188
81.850	0.016710
81.875	0.014099
81.900	0.015144
81.925	0.016710
81.950	0.014621
81.975	0.010444
82.000	0.010444
82.025	0.013055
82.050	0.010966
82.075	0.007833
82.100	0.008877
82.125	0.012010
82.150	0.009399
82.175	0.012010
82.200	0.010444
82.225	0.008355
82.250	0.008355
82.275	0.008355
82.300	0.010444
82.325	0.006266
82.350	0.004700
82.375	0.011488
82.400	0.012533
82.425	0.005744
82.450	0.004178
82.475	0.007311
82.500	0.009922
82.525	0.012533
82.550	0.009399
82.575	0.008355
82.600	0.004700
82.625	0.006789
82.650	0.007833
82.675	0.007833
82.700	0.005744
82.725	0.010966
82.750	0.006789
82.775	0.008355
82.800	0.008877
82.825	0.008877
82.850	0.008355
82.875	0.008877
82.900	0.009399
82.925	0.009922
82.950	0.008355
82.975	0.007311
83.000	0.009399
83.025	0.009399
83.050	0.008355
83.075	0.006266
83.100	0.009922
83.125	0.009922
83.150	0.012533
83.175	0.014621
83.200	0.016188
83.225	0.018277
83.250	0.020366
83.275	0.021932
83.300	0.022977
83.325	0.027676
83.350	0.018277
83.375	0.022454
83.400	0.020366
83.425	0.028198
83.450	0.029243
83.475	0.039164
83.500	0.029243
83.525	0.036554
83.550	0.034465
83.575	0.041775
83.600	0.039687
83.625	0.056397
83.650	0.066841
83.675	0.054830
83.700	0.059008
83.725	0.079896
83.750	0.079896
83.775	0.079896
83.800	0.081984
83.825	0.097128
83.850	0.090862
83.875	0.090339
83.900	0.116449
83.925	0.122193
83.950	0.134726
83.975	0.153003
84.000	0.174413
84.025	0.197911
84.050	0.210444
84.075	0.217755
84.100	0.218799
84.125	0.244909
84.150	0.267885
84.175	0.262141
84.200	0.278329
84.225	0.239164
84.250	0.243864
84.275	0.205744
84.300	0.201044
84.325	0.175979
84.350	0.181201
84.375	0.148303
84.400	0.130026
84.425	0.138381
84.450	0.123760
84.475	0.130548
84.500	0.129504
84.525	0.126893
84.550	0.116971
84.575	0.111749
84.600	0.119060
84.625	0.103916
84.650	0.110183
84.675	0.101305
84.700	0.105483
84.725	0.104961
84.750	0.119060
84.775	0.099739
84.800	0.105483
84.825	0.116971
84.850	0.114883
84.875	0.131070
84.900	0.120104
84.925	0.132637
84.950	0.143603
84.975	0.150392
85.000	0.159269
85.025	0.159791
85.050	0.170235
85.075	0.195822
85.100	0.189034
85.125	0.232898
85.150	0.227154
85.175	0.266841
85.200	0.296606
85.225	0.323238
85.250	0.357702
85.275	0.356136
85.300	0.377023
85.325	0.366057
85.350	0.393211
85.375	0.363969
85.400	0.362924
85.425	0.323238
85.450	0.312272
85.475	0.299217
85.500	0.253264
85.525	0.222977
85.550	0.195822
85.575	0.179112
85.600	0.175979
85.625	0.161358
85.650	0.150392
85.675	0.126893
85.700	0.125849
85.725	0.131070
85.750	0.118538
85.775	0.100261
85.800	0.113316
85.825	0.103916
85.850	0.089295
85.875	0.081462
85.900	0.075718
85.925	0.073107
85.950	0.079373
85.975	0.061619
86.000	0.071540
86.025	0.067885
86.050	0.066841
86.075	0.072585
86.100	0.056397
86.125	0.056397
86.150	0.047520
86.175	0.054830
86.200	0.043342
86.225	0.043342
86.250	0.033420
86.275	0.030809
86.300	0.037598
86.325	0.027676
86.350	0.032898
86.375	0.027154
86.400	0.025587
86.425	0.021932
86.450	0.022977
86.475	0.020366
86.500	0.020366
86.525	0.020888
86.550	0.019321
86.575	0.016710
86.600	0.020888
86.625	0.021410
86.650	0.019321
86.675	0.018277
86.700	0.026110
86.725	0.019843
86.750	0.014621
86.775	0.022977
86.800	0.025065
86.825	0.028198
86.850	0.025065
86.875	0.030809
86.900	0.025587
86.925	0.025587
86.950	0.025587
86.975	0.030809
87.000	0.028198
87.025	0.039164
87.050	0.036031
87.075	0.042298
87.100	0.041775
87.125	0.044909
87.150	0.044386
87.175	0.053786
87.200	0.055875
87.225	0.072063
87.250	0.066319
87.275	0.069452
87.300	0.081984
87.325	0.079373
87.350	0.085117
87.375	0.085117
87.400	0.078851
87.425	0.075718
87.450	0.077285
87.475	0.072063
87.500	0.067363
87.525	0.068407
87.550	0.057963
87.575	0.045431
87.600	0.043342
87.625	0.043342
87.650	0.044386
87.675	0.045953
87.700	0.041253
87.725	0.036554
87.750	0.032898
87.775	0.029243
87.800	0.028721
87.825	0.029765
87.850	0.029765
87.875	0.023499
87.900	0.024543
87.925	0.026632
87.950	0.025065
87.975	0.023499
88.000	0.016710
88.025	0.022454
88.050	0.012533
88.075	0.012533
88.100	0.017755
88.125	0.013055
88.150	0.015144
88.175	0.014621
88.200	0.015144
88.225	0.015144
88.250	0.015144
88.275	0.010444
88.300	0.009922
88.325	0.011488
88.350	0.011488
88.375	0.012010
88.400	0.009922
88.425	0.008355
88.450	0.010966
88.475	0.008877
88.500	0.008355
88.525	0.009399
88.550	0.005744
88.575	0.010966
88.600	0.008877
88.625	0.007833
88.650	0.009922
88.675	0.006789
88.700	0.012533
88.725	0.005222
88.750	0.010444
88.775	0.002611
88.800	0.005222
88.825	0.006789
88.850	0.007311
88.875	0.005744
88.900	0.008877
88.925	0.006789
88.950	0.007311
88.975	0.012010
89.000	0.008355
89.025	0.006266
89.050	0.011488
89.075	0.010444
89.100	0.005222
89.125	0.009399
89.150	0.006266
89.175	0.009922
89.200	0.008877
89.225	0.007311
89.250	0.010444
89.275	0.008355
89.300	0.013055
89.325	0.010444
89.350	0.007311
89.375	0.012533
89.400	0.012010
89.425	0.007833
89.450	0.008877
89.475	0.007311
89.500	0.009922
89.525	0.013577
89.550	0.012533
89.575	0.014099
89.600	0.009399
89.625	0.007833
89.650	0.017755
89.675	0.013577
89.700	0.012533
89.725	0.016710
89.750	0.010966
89.775	0.010966
89.800	0.012010
89.825	0.021932
89.850	0.020888
89.875	0.021932
89.900	0.015666
89.925	0.021932
89.950	0.021410
89.975	0.030809
90.000	0.017755
90.025	0.021932
90.050	0.023499
90.075	0.021410
90.100	0.021410
90.125	0.023499
90.150	0.018277
90.175	0.018277
90.200	0.012010
90.225	0.019321
90.250	0.011488
90.275	0.015666
90.300	0.015666
90.325	0.012533
90.350	0.015666
90.375	0.015144
90.400	0.015144
90.425	0.017755
90.450	0.014621
90.475	0.009922
90.500	0.011488
90.525	0.013055
90.550	0.008355
90.575	0.011488
90.600	0.013577
90.625	0.009399
90.650	0.007311
90.675	0.007311
90.700	0.014621
90.725	0.010444
90.750	0.013055
90.775	0.008877
90.800	0.011488
90.825	0.015144
90.850	0.013055
90.875	0.014099
90.900	0.019321
90.925	0.020888
90.950	0.016188
90.975	0.009399
91.000	0.017232
91.025	0.020366
91.050	0.024021
91.075	0.025587
91.100	0.018277
91.125	0.023499
91.150	0.027154
91.175	0.027154
91.200	0.027676
91.225	0.028198
91.250	0.023499
91.275	0.034465
91.300	0.031332
91.325	0.028721
91.350	0.034987
91.375	0.045953
91.400	0.032376
91.425	0.043342
91.450	0.042820
91.475	0.050131
91.500	0.053264
91.525	0.066841
91.550	0.057963
91.575	0.061619
91.600	0.073107
91.625	0.083029
91.650	0.090339
91.675	0.092428
91.700	0.099739
91.725	0.108094
91.750	0.110705
91.775	0.101828
91.800	0.106527
91.825	0.103394
91.850	0.103394
91.875	0.099739
91.900	0.093995
91.925	0.086684
91.950	0.087728
91.975	0.077807
92.000	0.071540
92.025	0.071018
92.050	0.056919
92.075	0.058486
92.100	0.050653
92.125	0.062663
92.150	0.060574
92.175	0.041775
92.200	0.056397
92.225	0.046997
92.250	0.038642
92.275	0.044909
92.300	0.041253
92.325	0.030287
92.350	0.036031
92.375	0.032376
92.400	0.030809
92.425	0.029765
92.450	0.024543
92.475	0.021410
92.500	0.027154
92.525	0.019321
92.550	0.027676
92.575	0.020366
92.600	0.023499
92.625	0.017232
92.650	0.019843
92.675	0.019843
92.700	0.014621
92.725	0.012533
92.750	0.011488
92.775	0.011488
92.800	0.013055
92.825	0.009922
92.850	0.012010
92.875	0.015666
92.900	0.009922
92.925	0.011488
92.950	0.007833
92.975	0.011488
93.000	0.013577
93.025	0.008877
93.050	0.012010
93.075	0.007833
93.100	0.009399
93.125	0.006789
93.150	0.008355
93.175	0.013055
93.200	0.008355
93.225	0.011488
93.250	0.005222
93.275	0.007833
93.300	0.005744
93.325	0.010444
93.350	0.009399
93.375	0.009399
93.400	0.007833
93.425	0.007833
93.450	0.009399
93.475	0.006789
93.500	0.005222
93.525	0.008355
93.550	0.009922
93.575	0.008877
93.600	0.008877
93.625	0.007833
93.650	0.003655
93.675	0.009399
93.700	0.010444
93.725	0.011488
93.750	0.008877
93.775	0.013055
93.800	0.007833
93.825	0.007833
93.850	0.009399
93.875	0.008355
93.900	0.008877
93.925	0.012010
93.950	0.006789
93.975	0.006789
94.000	0.009399
94.025	0.006266
94.050	0.007833
94.075	0.004178
94.100	0.005744
94.125	0.008877
94.150	0.006266
94.175	0.005744
94.200	0.010966
94.225	0.009399
94.250	0.006789
94.275	0.007311
94.300	0.007833
94.325	0.005222
94.350	0.007833
94.375	0.007311
94.400	0.010966
94.425	0.007833
94.450	0.005222
94.475	0.004700
94.500	0.008877
94.525	0.006266
94.550	0.007311
94.575	0.013055
94.600	0.007311
94.625	0.008877
94.650	0.010966
94.675	0.006789
94.700	0.006789
94.725	0.009399
94.750	0.008355
94.775	0.008877
94.800	0.012533
94.825	0.005222
94.850	0.007311
94.875	0.009399
94.900	0.014621
94.925	0.008355
94.950	0.014099
94.975	0.010444
95.000	0.007311
95.025	0.013055
95.050	0.007833
95.075	0.009399
95.100	0.012533
95.125	0.012533
95.150	0.012010
95.175	0.010444
95.200	0.013055
95.225	0.013577
95.250	0.014621
95.275	0.012533
95.300	0.020888
95.325	0.011488
95.350	0.018799
95.375	0.021410
95.400	0.024021
95.425	0.022977
95.450	0.034465
95.475	0.030287
95.500	0.030809
95.525	0.033420
95.550	0.037076
95.575	0.036554
95.600	0.041253
95.625	0.041253
95.650	0.047520
95.675	0.047520
95.700	0.056919
95.725	0.055875
95.750	0.069452
95.775	0.073107
95.800	0.073107
95.825	0.070496
95.850	0.080418
95.875	0.085117
95.900	0.096084
95.925	0.084595
95.950	0.103916
95.975	0.097650
96.000	0.099739
96.025	0.127415
96.050	0.120104
96.075	0.147781
96.100	0.157180
96.125	0.148825
96.150	0.150914
96.175	0.167624
96.200	0.189034
96.225	0.216710
96.250	0.230287
96.275	0.229243
96.300	0.249086
96.325	0.256919
96.350	0.286162
96.375	0.259008
96.400	0.288773
96.425	0.294517
96.450	0.288251
96.475	0.263708
96.500	0.266841
96.525	0.263185
96.550	0.252742
96.575	0.214099
96.600	0.218799
96.625	0.178068
96.650	0.190601
96.675	0.163446
96.700	0.146214
96.725	0.153525
96.750	0.139426
96.775	0.126893
96.800	0.107572
96.825	0.115927
96.850	0.097128
96.875	0.097650
96.900	0.090339
96.925	0.083551
96.950	0.068930
96.975	0.069974
97.000	0.068930
97.025	0.062663
97.050	0.053264
97.075	0.059530
97.100	0.044386
97.125	0.046997
97.150	0.034465
97.175	0.041775
97.200	0.047520
97.225	0.043864
97.250	0.033420
97.275	0.039164
97.300	0.031332
97.325	0.032898
97.350	0.025587
97.375	0.026110
97.400	0.023499
97.425	0.019321
97.450	0.022454
97.475	0.018277
97.500	0.016710
97.525	0.011488
97.550	0.015666
97.575	0.009399
97.600	0.010444
97.625	0.010966
97.650	0.015144
97.675	0.011488
97.700	0.010966
97.725	0.008355
97.750	0.010444
97.775	0.009922
97.800	0.011488
97.825	0.008355
97.850	0.004700
97.875	0.009922
97.900	0.009922
97.925	0.011488
97.950	0.007311
97.975	0.007311
98.000	0.007833
98.025	0.007833
98.050	0.009922
98.075	0.007833
98.100	0.005744
98.125	0.008355
98.150	0.011488
98.175	0.006789
98.200	0.005222
98.225	0.009399
98.250	0.008355
98.275	0.013055
98.300	0.008877
98.325	0.007833
98.350	0.007833
98.375	0.006266
98.400	0.006266
98.425	0.009399
98.450	0.009399
98.475	0.008877
98.500	0.007833
98.525	0.014099
98.550	0.012533
98.575	0.010966
98.600	0.010966
98.625	0.011488
98.650	0.012010
98.675	0.012533
98.700	0.009399
98.725	0.016710
98.750	0.012533
98.775	0.017755
98.800	0.012010
98.825	0.011488
98.850	0.020888
98.875	0.014099
98.900	0.016710
98.925	0.017232
98.950	0.020366
98.975	0.026632
99.000	0.015666
99.025	0.016188
99.050	0.028721
99.075	0.022977
99.100	0.024021
99.125	0.022454
99.150	0.032376
99.175	0.036031
99.200	0.028721
99.225	0.030809
99.250	0.031854
99.275	0.042298
99.300	0.032898
99.325	0.042820
99.350	0.039687
99.375	0.042298
99.400	0.054308
99.425	0.056397
99.450	0.053786
99.475	0.055352
99.500	0.066841
99.525	0.074674
99.550	0.063708
99.575	0.073107
99.600	0.072585
99.625	0.078851
99.650	0.075718
99.675	0.067885
99.700	0.078851
99.725	0.075196
99.750	0.072585
99.775	0.061619
99.800	0.056919
99.825	0.060052
99.850	0.061097
99.875	0.064752
99.900	0.050131
99.925	0.050131
99.950	0.046997
99.975	0.031854
100.000	0.043342
100.025	0.034987
100.050	0.034465
100.075	0.031332
100.100	0.029243
100.125	0.033943
100.150	0.027154
100.175	0.030287
100.200	0.021410
100.225	0.025587
100.250	0.019321
100.275	0.020366
100.300	0.018799
100.325	0.024021
100.350	0.010966
100.375	0.017755
100.400	0.024021
100.425	0.018799
100.450	0.017232
100.475	0.012533
100.500	0.015144
100.525	0.018799
100.550	0.013577
100.575	0.018799
100.600	0.008877
100.625	0.011488
100.650	0.014621
100.675	0.011488
100.700	0.009399
100.725	0.011488
100.750	0.011488
100.775	0.012533
100.800	0.008355
100.825	0.007311
100.850	0.009399
100.875	0.009922
100.900	0.008877
100.925	0.010444
100.950	0.009922
100.975	0.009399
101.000	0.006266
101.025	0.010966
101.050	0.007833
101.075	0.004178
101.100	0.007311
101.125	0.007311
101.150	0.010966
101.175	0.009399
101.200	0.006789
101.225	0.006266
101.250	0.010966
101.275	0.010444
101.300	0.006266
101.325	0.006266
101.350	0.010444
101.375	0.015666
101.400	0.010444
101.425	0.008877
101.450	0.010966
101.475	0.010444
101.500	0.012010
101.525	0.013055
101.550	0.016710
101.575	0.013577
101.600	0.016710
101.625	0.014099
101.650	0.015144
101.675	0.017755
101.700	0.023499
101.725	0.018799
101.750	0.014621
101.775	0.015666
101.800	0.017755
101.825	0.017755
101.850	0.019321
101.875	0.021410
101.900	0.028721
101.925	0.021932
101.950	0.021932
101.975	0.028198
102.000	0.025065
102.025	0.028721
102.050	0.030287
102.075	0.032898
102.100	0.038642
102.125	0.033420
102.150	0.031332
102.175	0.041253
102.200	0.036031
102.225	0.046475
102.250	0.045431
102.275	0.043864
102.300	0.054308
102.325	0.036554
102.350	0.052742
102.375	0.053264
102.400	0.043864
102.425	0.046997
102.450	0.041253
102.475	0.050653
102.500	0.040731
102.525	0.043342
102.550	0.041253
102.575	0.033420
102.600	0.038642
102.625	0.030809
102.650	0.026632
102.675	0.036031
102.700	0.029243
102.725	0.031332
102.750	0.035509
102.775	0.025587
102.800	0.030287
102.825	0.020888
102.850	0.022454
102.875	0.022454
102.900	0.019843
102.925	0.021932
102.950	0.020888
102.975	0.015144
103.000	0.019321
103.025	0.012533
103.050	0.022977
103.075	0.018277
103.100	0.020366
103.125	0.015666
103.150	0.021410
103.175	0.015144
103.200	0.018799
103.225	0.019321
103.250	0.019321
103.275	0.026110
103.300	0.024021
103.325	0.022977
103.350	0.020366
103.375	0.016710
103.400	0.020888
103.425	0.019843
103.450	0.024543
103.475	0.024543
103.500	0.024543
103.525	0.030809
103.550	0.026110
103.575	0.022977
103.600	0.025587
103.625	0.029765
103.650	0.029765
103.675	0.032898
103.700	0.034987
103.725	0.037076
103.750	0.037598
103.775	0.039164
103.800	0.051175
103.825	0.055352
103.850	0.046475
103.875	0.055352
103.900	0.057963
103.925	0.044909
103.950	0.063185
103.975	0.060574
104.000	0.070496
104.025	0.071540
104.050	0.066319
104.075	0.069974
104.100	0.069974
104.125	0.077807
104.150	0.079373
104.175	0.069974
104.200	0.085117
104.225	0.075718
104.250	0.088251
104.275	0.078329
104.300	0.072063
104.325	0.084073
104.350	0.069974
104.375	0.057441
104.400	0.055352
104.425	0.060052
104.450	0.059008
104.475	0.052742
104.500	0.045953
104.525	0.054308
104.550	0.042298
104.575	0.036031
104.600	0.036554
104.625	0.037076
104.650	0.035509
104.675	0.029243
104.700	0.036554
104.725	0.038120
104.750	0.028198
104.775	0.025587
104.800	0.037076
104.825	0.031332
104.850	0.019321
104.875	0.020366
104.900	0.022977
104.925	0.022454
104.950	0.024543
104.975	0.019321
105.000	0.015144
105.025	0.017232
105.050	0.020366
105.075	0.017232
105.100	0.016188
105.125	0.011488
105.150	0.018277
105.175	0.012010
105.200	0.013577
105.225	0.019843
105.250	0.012010
105.275	0.014099
105.300	0.015666
105.325	0.012010
105.350	0.011488
105.375	0.010966
105.400	0.007833
105.425	0.016188
105.450	0.011488
105.475	0.011488
105.500	0.015144
105.525	0.008877
105.550	0.011488
105.575	0.016710
105.600	0.017232
105.625	0.015666
105.650	0.009922
105.675	0.013577
105.700	0.016710
105.725	0.016710
105.750	0.010966
105.775	0.018799
105.800	0.016710
105.825	0.026110
105.850	0.014621
105.875	0.019843
105.900	0.019843
105.925	0.019843
105.950	0.020366
105.975	0.018799
106.000	0.021932
106.025	0.018799
106.050	0.018277
106.075	0.022454
106.100	0.019321
106.125	0.017232
106.150	0.016710
106.175	0.015666
106.200	0.027154
106.225	0.018799
106.250	0.022977
106.275	0.010966
106.300	0.018277
106.325	0.015144
106.350	0.014621
106.375	0.014099
106.400	0.019843
106.425	0.014621
106.450	0.017232
106.475	0.011488
106.500	0.012533
106.525	0.010966
106.550	0.013577
106.575	0.014621
106.600	0.011488
106.625	0.010966
106.650	0.012533
106.675	0.014621
106.700	0.014621
106.725	0.010444
106.750	0.007311
106.775	0.008877
106.800	0.010966
106.825	0.012533
106.850	0.008877
106.875	0.010444
106.900	0.008877
106.925	0.008355
106.950	0.007311
106.975	0.008877
107.000	0.009922
107.025	0.009399
107.050	0.006789
107.075	0.008877
107.100	0.005744
107.125	0.008877
107.150	0.007833
107.175	0.009922
107.200	0.006266
107.225	0.005744
107.250	0.009399
107.275	0.013055
107.300	0.009399
107.325	0.008355
107.350	0.006789
107.375	0.008355
107.400	0.010966
107.425	0.009922
107.450	0.009922
107.475	0.007311
107.500	0.005744
107.525	0.011488
107.550	0.007833
107.575	0.007311
107.600	0.008355
107.625	0.006789
107.650	0.010444
107.675	0.008355
107.700	0.007311
107.725	0.009922
107.750	0.007311
107.775	0.011488
107.800	0.008355
107.825	0.008355
107.850	0.006266
107.875	0.007311
107.900	0.008877
107.925	0.005222
107.950	0.010444
107.975	0.006266
108.000	0.008355
108.025	0.005744
108.050	0.008877
108.075	0.010444
108.100	0.008355
108.125	0.012010
108.150	0.006789
108.175	0.009922
108.200	0.006789
108.225	0.007833
108.250	0.008877
108.275	0.007311
108.300	0.012533
108.325	0.006266
108.350	0.012010
108.375	0.012533
108.400	0.006266
108.425	0.006789
108.450	0.006789
108.475	0.008877
108.500	0.010444
108.525	0.006266
108.550	0.009399
108.575	0.006266
108.600	0.008355
108.625	0.005744
108.650	0.008355
108.675	0.006789
108.700	0.005222
108.725	0.009399
108.750	0.008355
108.775	0.005222
108.800	0.005744
108.825	0.013577
108.850	0.005222
108.875	0.006789
108.900	0.008355
108.925	0.006789
108.950	0.006266
108.975	0.013055
109.000	0.004178
109.025	0.007311
109.050	0.006789
109.075	0.005744
109.100	0.008355
109.125	0.009922
109.150	0.009399
109.175	0.010444
109.200	0.015144
109.225	0.005744
109.250	0.005222
109.275	0.008355
109.300	0.010966
109.325	0.005222
109.350	0.010444
109.375	0.007833
109.400	0.008877
109.425	0.013055
109.450	0.007833
109.475	0.007311
109.500	0.007833
109.525	0.010444
109.550	0.003655
109.575	0.009922
109.600	0.008877
109.625	0.007311
109.650	0.005744
109.675	0.009922
109.700	0.009399
109.725	0.009399
109.750	0.008877
109.775	0.006266
109.800	0.008355
109.825	0.010966
109.850	0.012533
109.875	0.008355
109.900	0.010444
109.925	0.009922
109.950	0.012533
109.975	0.008355
110.000	0.012533
110.025	0.010966
110.050	0.008877
110.075	0.007833
110.100	0.011488
110.125	0.015666
110.150	0.012010
110.175	0.010444
110.200	0.010444
110.225	0.015666
110.250	0.014621
110.275	0.012533
110.300	0.017755
110.325	0.017232
110.350	0.014621
110.375	0.016710
110.400	0.021410
110.425	0.015144
110.450	0.021410
110.475	0.017232
110.500	0.023499
110.525	0.026632
110.550	0.017755
110.575	0.026110
110.600	0.024021
110.625	0.026632
110.650	0.032376
110.675	0.026632
110.700	0.030809
110.725	0.028198
110.750	0.035509
110.775	0.033420
110.800	0.039164
110.825	0.040731
110.850	0.040209
110.875	0.046997
110.900	0.048564
110.925	0.039687
110.950	0.042820
110.975	0.045431
111.000	0.057441
111.025	0.064230
111.050	0.055352
111.075	0.048564
111.100	0.058486
111.125	0.053264
111.150	0.064752
111.175	0.065796
111.200	0.069452
111.225	0.064230
111.250	0.063708
111.275	0.053786
111.300	0.042820
111.325	0.058486
111.350	0.061619
111.375	0.054308
111.400	0.060052
111.425	0.063708
111.450	0.051697
111.475	0.059008
111.500	0.042820
111.525	0.050131
111.550	0.042820
111.575	0.051697
111.600	0.040209
111.625	0.040731
111.650	0.045431
111.675	0.042298
111.700	0.045953
111.725	0.039687
111.750	0.044909
111.775	0.051697
111.800	0.043342
111.825	0.037076
111.850	0.034465
111.875	0.031332
111.900	0.042820
111.925	0.046475
111.950	0.040209
111.975	0.041253
112.000	0.037076
112.025	0.050653
112.050	0.059008
112.075	0.048042
112.100	0.044386
112.125	0.047520
112.150	0.041775
112.175	0.045431
112.200	0.048564
112.225	0.048564
112.250	0.055352
112.275	0.056397
112.300	0.057963
112.325	0.061097
112.350	0.065274
112.375	0.063708
112.400	0.063185
112.425	0.057963
112.450	0.067363
112.475	0.074151
112.500	0.060574
112.525	0.062141
112.550	0.059008
112.575	0.062141
112.600	0.070496
112.625	0.061097
112.650	0.066319
112.675	0.057963
112.700	0.068930
112.725	0.071540
112.750	0.055352
112.775	0.052219
112.800	0.055875
112.825	0.057963
112.850	0.063185
112.875	0.046475
112.900	0.045431
112.925	0.038642
112.950	0.039164
112.975	0.041775
113.000	0.038642
113.025	0.038120
113.050	0.033420
113.075	0.037598
113.100	0.032898
113.125	0.021932
113.150	0.031854
113.175	0.028198
113.200	0.019843
113.225	0.021410
113.250	0.019321
113.275	0.022454
113.300	0.018277
113.325	0.020888
113.350	0.024021
113.375	0.020888
113.400	0.018277
113.425	0.016710
113.450	0.014099
113.475	0.017232
113.500	0.014621
113.525	0.014099
113.550	0.017755
113.575	0.017232
113.600	0.013055
113.625	0.017232
113.650	0.015144
113.675	0.010966
113.700	0.010966
113.725	0.009399
113.750	0.009399
113.775	0.009922
113.800	0.010444
113.825	0.008355
113.850	0.009399
113.875	0.008877
113.900	0.008877
113.925	0.010444
113.950	0.006789
113.975	0.009922
114.000	0.013055
114.025	0.009922
114.050	0.006789
114.075	0.007833
114.100	0.009399
114.125	0.010966
114.150	0.008355
114.175	0.010444
114.200	0.009399
114.225	0.012010
114.250	0.012010
114.275	0.014099
114.300	0.013055
114.325	0.012533
114.350	0.010966
114.375	0.013577
114.400	0.013055
114.425	0.015666
114.450	0.013577
114.475	0.022977
114.500	0.019843
114.525	0.020888
114.550	0.014621
114.575	0.019843
114.600	0.018277
114.625	0.027154
114.650	0.021410
114.675	0.038642
114.700	0.034465
114.725	0.031854
114.750	0.029765
114.775	0.032898
114.800	0.027676
114.825	0.030287
114.850	0.038642
114.875	0.039687
114.900	0.040209
114.925	0.046475
114.950	0.059530
114.975	0.034987
115.000	0.058486
115.025	0.050653
115.050	0.066319
115.075	0.057963
115.100	0.059530
115.125	0.059530
115.150	0.062141
115.175	0.072063
115.200	0.079896
115.225	0.081462
115.250	0.088773
115.275	0.092950
115.300	0.114360
115.325	0.101305
115.350	0.114883
115.375	0.124282
115.400	0.112272
115.425	0.135770
115.450	0.142559
115.475	0.141514
115.500	0.145170
115.525	0.161880
115.550	0.146214
115.575	0.168146
115.600	0.163969
115.625	0.159269
115.650	0.184856
115.675	0.168146
115.700	0.153525
115.725	0.178590
115.750	0.168146
115.775	0.176501
115.800	0.156658
115.825	0.177023
115.850	0.169191
115.875	0.163969
115.900	0.142037
115.925	0.141514
115.950	0.149869
115.975	0.137337
116.000	0.151436
116.025	0.118538
116.050	0.150914
116.075	0.123238
116.100	0.120104
116.125	0.120627
116.150	0.091384
116.175	0.112794
116.200	0.101828
116.225	0.092950
116.250	0.084073
116.275	0.078851
116.300	0.078851
116.325	0.078851
116.350	0.066319
116.375	0.071018
116.400	0.059008
116.425	0.054308
116.450	0.053786
116.475	0.052219
116.500	0.051697
116.525	0.049086
116.550	0.055875
116.575	0.046997
116.600	0.049608
116.625	0.047520
116.650	0.038642
116.675	0.042298
116.700	0.039164
116.725	0.044909
116.750	0.036554
116.775	0.034465
116.800	0.046475
116.825	0.037598
116.850	0.038120
116.875	0.041775
116.900	0.034465
116.925	0.047520
116.950	0.036031
116.975	0.044909
117.000	0.043864
117.025	0.033943
117.050	0.029243
117.075	0.039164
117.100	0.040209
117.125	0.046997
117.150	0.045953
117.175	0.043342
117.200	0.041775
117.225	0.049608
117.250	0.064752
117.275	0.053786
117.300	0.061619
117.325	0.051697
117.350	0.078329
117.375	0.073107
117.400	0.073107
117.425	0.085640
117.450	0.077807
117.475	0.077285
117.500	0.084073
117.525	0.090862
117.550	0.103916
117.575	0.104961
117.600	0.105483
117.625	0.095039
117.650	0.101828
117.675	0.104961
117.700	0.102872
117.725	0.117493
117.750	0.108094
117.775	0.119582
117.800	0.111227
117.825	0.098695
117.850	0.108616
117.875	0.112794
117.900	0.122193
117.925	0.121671
117.950	0.136292
117.975	0.100261
118.000	0.106005
118.025	0.119582
118.050	0.110183
118.075	0.101305
118.100	0.102872
118.125	0.104961
118.150	0.096606
118.175	0.092428
118.200	0.093473
118.225	0.097650
118.250	0.077285
118.275	0.076762
118.300	0.086162
118.325	0.062663
118.350	0.060574
118.375	0.067363
118.400	0.065796
118.425	0.061619
118.450	0.048042
118.475	0.061097
118.500	0.042820
118.525	0.050131
118.550	0.043864
118.575	0.045431
118.600	0.042298
118.625	0.031854
118.650	0.036554
118.675	0.032376
118.700	0.030287
118.725	0.042298
118.750	0.030287
118.775	0.031332
118.800	0.027676
118.825	0.036031
118.850	0.024021
118.875	0.022454
118.900	0.027676
118.925	0.019843
118.950	0.019843
118.975	0.022454
119.000	0.021932
119.025	0.017232
119.050	0.019321
119.075	0.013577
119.100	0.014621
119.125	0.014621
119.150	0.013577
119.175	0.012010
119.200	0.013577
119.225	0.012010
119.250	0.012533
119.275	0.014099
119.300	0.011488
119.325	0.009399
119.350	0.013577
119.375	0.009399
119.400	0.008877
119.425	0.010444
119.450	0.009399
119.475	0.005744
119.500	0.008355
119.525	0.006266
119.550	0.006266
119.575	0.009922
119.600	0.007311
119.625	0.007311
119.650	0.004178
119.675	0.013055
119.700	0.009399
119.725	0.005744
119.750	0.005744
119.775	0.010444
119.800	0.006266
119.825	0.009399
119.850	0.009399
119.875	0.010966
119.900	0.006789
119.925	0.008355
119.950	0.010966
119.975	0.008355
120.000	0.004700
120.025	0.007311
120.050	0.008877
120.075	0.007311
120.100	0.011488
120.125	0.007833
120.150	0.010444
120.175	0.005744
120.200	0.013055
120.225	0.007833
120.250	0.006266
120.275	0.005744
120.300	0.007311
120.325	0.011488
120.350	0.003655
120.375	0.010444
120.400	0.008355
120.425	0.007311
120.450	0.008355
120.475	0.008877
120.500	0.009922
120.525	0.008355
120.550	0.010966
120.575	0.008877
120.600	0.010966
120.625	0.007311
120.650	0.010444
120.675	0.004700
120.700	0.002611
120.725	0.009399
120.750	0.008355
120.775	0.012010
120.800	0.011488
120.825	0.011488
120.850	0.012533
120.875	0.008877
120.900	0.008877
120.925	0.008355
120.950	0.011488
120.975	0.009922
121.000	0.007833
121.025	0.009399
121.050	0.014099
121.075	0.012010
121.100	0.010966
121.125	0.012533
121.150	0.014621
121.175	0.015666
121.200	0.016710
121.225	0.013577
121.250	0.010966
121.275	0.008877
121.300	0.014099
121.325	0.015144
121.350	0.016710
121.375	0.013577
121.400	0.013577
121.425	0.018277
121.450	0.019843
121.475	0.022454
121.500	0.017755
121.525	0.021932
121.550	0.017232
121.575	0.022977
121.600	0.021410
121.625	0.019843
121.650	0.022454
121.675	0.030287
121.700	0.024543
121.725	0.020888
121.750	0.027676
121.775	0.020888
121.800	0.027676
121.825	0.034465
121.850	0.026110
121.875	0.029243
121.900	0.033420
121.925	0.034987
121.950	0.030809
121.975	0.031332
122.000	0.033943
122.025	0.030809
122.050	0.034465
122.075	0.034987
122.100	0.032376
122.125	0.030809
122.150	0.033943
122.175	0.032376
122.200	0.032376
122.225	0.035509
122.250	0.030809
122.275	0.036554
122.300	0.031332
122.325	0.032898
122.350	0.029243
122.375	0.029765
122.400	0.030809
122.425	0.040731
122.450	0.026110
122.475	0.036031
122.500	0.036031
122.525	0.039164
122.550	0.037598
122.575	0.037076
122.600	0.031332
122.625	0.036554
122.650	0.032898
122.675	0.036031
122.700	0.040209
122.725	0.039164
122.750	0.042820
122.775	0.043342
122.800	0.039164
122.825	0.048564
122.850	0.044909
122.875	0.041253
122.900	0.041775
122.925	0.054308
122.950	0.053786
122.975	0.073629
123.000	0.052742
123.025	0.055352
123.050	0.057963
123.075	0.074674
123.100	0.062141
123.125	0.064752
123.150	0.083551
123.175	0.074674
123.200	0.080418
123.225	0.090339
123.250	0.085117
123.275	0.099739
123.300	0.098172
123.325	0.100261
123.350	0.115927
123.375	0.107050
123.400	0.129504
123.425	0.140992
123.450	0.126893
123.475	0.143603
123.500	0.144648
123.525	0.157702
123.550	0.162402
123.575	0.171802
123.600	0.175979
123.625	0.175979
123.650	0.182768
123.675	0.173368
123.700	0.187467
123.725	0.180679
123.750	0.207833
123.775	0.213055
123.800	0.212010
123.825	0.205222
123.850	0.228198
123.875	0.231854
123.900	0.205222
123.925	0.219843
123.950	0.224021
123.975	0.231854
124.000	0.230809
124.025	0.254830
124.050	0.249608
124.075	0.216710
124.100	0.230287
124.125	0.235509
124.150	0.242820
124.175	0.220366
124.200	0.191123
124.225	0.197389
124.250	0.222977
124.275	0.197389
124.300	0.194256
124.325	0.185379
124.350	0.177023
124.375	0.174413
124.400	0.159791
124.425	0.169191
124.450	0.184856
124.475	0.174935
124.500	0.162924
124.525	0.138903
124.550	0.144125
124.575	0.128460
124.600	0.117493
124.625	0.119060
124.650	0.108094
124.675	0.109661
124.700	0.100783
124.725	0.103916
124.750	0.093473
124.775	0.090339
124.800	0.073629
124.825	0.082507
124.850	0.074674
124.875	0.073629
124.900	0.056397
124.925	0.068407
124.950	0.066841
124.975	0.063185
125.000	0.056397
125.025	0.054308
125.050	0.048564
125.075	0.052219
125.100	0.045953
125.125	0.041775
125.150	0.036031
125.175	0.034465
125.200	0.031854
125.225	0.036554
125.250	0.027676
125.275	0.034465
125.300	0.029243
125.325	0.024543
125.350	0.028198
125.375	0.024021
125.400	0.029765
125.425	0.026632
125.450	0.018277
125.475	0.022977
125.500	0.017232
125.525	0.023499
125.550	0.015666
125.575	0.021932
125.600	0.024021
125.625	0.019321
125.650	0.020366
125.675	0.022454
125.700	0.019321
125.725	0.020366
125.750	0.021932
125.775	0.019843
125.800	0.021410
125.825	0.021410
125.850	0.019321
125.875	0.018277
125.900	0.019843
125.925	0.022454
125.950	0.022454
125.975	0.016188
126.000	0.025065
126.025	0.027154
126.050	0.031332
126.075	0.032898
126.100	0.022454
126.125	0.030287
126.150	0.024543
126.175	0.034987
126.200	0.039687
126.225	0.032898
126.250	0.038120
126.275	0.033420
126.300	0.041253
126.325	0.038120
126.350	0.042820
126.375	0.038642
126.400	0.042298
126.425	0.034987
126.450	0.042820
126.475	0.039164
126.500	0.041253
126.525	0.045431
126.550	0.042820
126.575	0.036554
126.600	0.050653
126.625	0.054830
126.650	0.045431
126.675	0.049608
126.700	0.050131
126.725	0.051175
126.750	0.050653
126.775	0.042298
126.800	0.045431
126.825	0.037076
126.850	0.043342
126.875	0.040209
126.900	0.049608
126.925	0.043342
126.950	0.043864
126.975	0.034987
127.000	0.036554
127.025	0.038642
127.050	0.032376
127.075	0.029765
127.100	0.040731
127.125	0.035509
127.150	0.032376
127.175	0.032898
127.200	0.037076
127.225	0.034465
127.250	0.033420
127.275	0.033943
127.300	0.021410
127.325	0.032898
127.350	0.032376
127.375	0.028721
127.400	0.024543
127.425	0.027154
127.450	0.027154
127.475	0.017232
127.500	0.017232
127.525	0.024021
127.550	0.017755
127.575	0.012010
127.600	0.014621
127.625	0.017755
127.650	0.019321
127.675	0.017755
127.700	0.018277
127.725	0.016710
127.750	0.013577
127.775	0.015144
127.800	0.013577
127.825	0.009922
127.850	0.016710
127.875	0.010444
127.900	0.008355
127.925	0.015144
127.950	0.018277
127.975	0.013055
128.000	0.015144
128.025	0.010966
128.050	0.014621
128.075	0.011488
128.100	0.010444
128.125	0.009399
128.150	0.010966
128.175	0.010966
128.200	0.010444
128.225	0.010444
128.250	0.012533
128.275	0.014099
128.300	0.013055
128.325	0.011488
128.350	0.011488
128.375	0.013055
128.400	0.016188
128.425	0.012010
128.450	0.010444
128.475	0.018277
128.500	0.014621
128.525	0.015666
128.550	0.013577
128.575	0.015666
128.600	0.019843
128.625	0.015144
128.650	0.018277
128.675	0.020888
128.700	0.022977
128.725	0.017755
128.750	0.026110
128.775	0.019321
128.800	0.018277
128.825	0.020888
128.850	0.018799
128.875	0.022977
128.900	0.029243
128.925	0.027676
128.950	0.033943
128.975	0.032376
129.000	0.029765
129.025	0.034465
129.050	0.029243
129.075	0.036554
129.100	0.039687
129.125	0.041253
129.150	0.036554
129.175	0.040731
129.200	0.051175
129.225	0.046997
129.250	0.049086
129.275	0.061619
129.300	0.048042
129.325	0.049086
129.350	0.059008
129.375	0.065274
129.400	0.053786
129.425	0.056919
129.450	0.067363
129.475	0.069974
129.500	0.059008
129.525	0.063185
129.550	0.069452
129.575	0.071540
129.600	0.079896
129.625	0.079896
129.650	0.073629
129.675	0.073629
129.700	0.079373
129.725	0.076240
129.750	0.083551
129.775	0.081462
129.800	0.068407
129.825	0.067885
129.850	0.078329
129.875	0.074151
129.900	0.076240
129.925	0.090339
129.950	0.092428
129.975	0.079896
130.000	0.087728
130.025	0.076762
130.050	0.091906
130.075	0.076240
130.100	0.080940
130.125	0.081984
130.150	0.072585
130.175	0.071540
130.200	0.083029
130.225	0.071018
130.250	0.071540
130.275	0.071018
130.300	0.061097
130.325	0.065796
130.350	0.068930
130.375	0.074151
130.400	0.055875
130.425	0.072063
130.450	0.059530
130.475	0.069974
130.500	0.059530
130.525	0.072585
130.550	0.062141
130.575	0.061097
130.600	0.060052
130.625	0.056397
130.650	0.061097
130.675	0.056919
130.700	0.059008
130.725	0.055352
130.750	0.050653
130.775	0.052742
130.800	0.051175
130.825	0.051175
130.850	0.050131
130.875	0.050131
130.900	0.050131
130.925	0.057963
130.950	0.061619
130.975	0.045431
131.000	0.052742
131.025	0.059530
131.050	0.051175
131.075	0.066841
131.100	0.062663
131.125	0.056919
131.150	0.064752
131.175	0.057441
131.200	0.064230
131.225	0.076240
131.250	0.064752
131.275	0.071540
131.300	0.071540
131.325	0.069452
131.350	0.081462
131.375	0.087206
131.400	0.079373
131.425	0.091906
131.450	0.096084
131.475	0.103394
131.500	0.099217
131.525	0.097128
131.550	0.106005
131.575	0.135248
131.600	0.113316
131.625	0.115927
131.650	0.129504
131.675	0.127937
131.700	0.122193
131.725	0.132115
131.750	0.133681
131.775	0.135770
131.800	0.134726
131.825	0.137337
131.850	0.147258
131.875	0.142037
131.900	0.167624
131.925	0.163969
131.950	0.147258
131.975	0.168146
132.000	0.186423
132.025	0.153525
132.050	0.159791
132.075	0.183290
132.100	0.187990
132.125	0.191123
132.150	0.181201
132.175	0.166057
132.200	0.167102
132.225	0.173890
132.250	0.190078
132.275	0.190601
132.300	0.179634
132.325	0.181201
132.350	0.185901
132.375	0.191645
132.400	0.170757
132.425	0.169191
132.450	0.162924
132.475	0.162402
132.500	0.159269
132.525	0.168668
132.550	0.173890
132.575	0.150392
132.600	0.161880
132.625	0.153525
132.650	0.148825
132.675	0.154047
132.700	0.144648
132.725	0.136815
132.750	0.153525
132.775	0.139948
132.800	0.143081
132.825	0.131593
132.850	0.128460
132.875	0.133159
132.900	0.127415
132.925	0.117493
132.950	0.120104
132.975	0.103916
133.000	0.101828
133.025	0.103394
133.050	0.102350
133.075	0.105483
133.100	0.085117
133.125	0.085640
133.150	0.094517
133.175	0.079896
133.200	0.098695
133.225	0.083551
133.250	0.084073
133.275	0.079896
133.300	0.069452
133.325	0.079373
133.350	0.093995
133.375	0.067363
133.400	0.069974
133.425	0.060574
133.450	0.073107
133.475	0.068930
133.500	0.059530
133.525	0.055352
133.550	0.058486
133.575	0.053264
133.600	0.060574
133.625	0.052219
133.650	0.055875
133.675	0.054308
133.700	0.059530
133.725	0.046997
133.750	0.054308
133.775	0.049608
133.800	0.053786
133.825	0.045431
133.850	0.048564
133.875	0.046475
133.900	0.051697
133.925	0.052219
133.950	0.044386
133.975	0.041253
134.000	0.045431
134.025	0.039687
134.050	0.041775
134.075	0.040731
134.100	0.040731
134.125	0.038120
134.150	0.040209
134.175	0.039164
134.200	0.036031
134.225	0.039164
134.250	0.038642
134.275	0.033420
134.300	0.036554
134.325	0.034465
134.350	0.028721
134.375	0.040209
134.400	0.042820
134.425	0.048564
134.450	0.033420
134.475	0.041775
134.500	0.042298
134.525	0.046997
134.550	0.042820
134.575	0.030809
134.600	0.042298
134.625	0.040209
134.650	0.033420
134.675	0.044909
134.700	0.042298
134.725	0.036031
134.750	0.039164
134.775	0.042820
134.800	0.035509
134.825	0.035509
134.850	0.037598
134.875	0.036554
134.900	0.033943
134.925	0.035509
134.950	0.034987
134.975	0.035509
135.000	0.036554
135.025	0.034987
135.050	0.035509
135.075	0.043864
135.100	0.037076
135.125	0.034987
135.150	0.030287
135.175	0.029243
135.200	0.027676
135.225	0.029243
135.250	0.032376
135.275	0.031854
135.300	0.029243
135.325	0.027676
135.350	0.029765
135.375	0.024021
135.400	0.026632
135.425	0.021410
135.450	0.025587
135.475	0.025065
135.500	0.022454
135.525	0.027676
135.550	0.027154
135.575	0.019843
135.600	0.015144
135.625	0.025587
135.650	0.022977
135.675	0.017755
135.700	0.017232
135.725	0.017755
135.750	0.019843
135.775	0.020888
135.800	0.021410
135.825	0.017755
135.850	0.021410
135.875	0.018277
135.900	0.015666
135.925	0.018799
135.950	0.016710
135.975	0.017232
136.000	0.015144
136.025	0.017755
136.050	0.016188
136.075	0.010444
136.100	0.010966
136.125	0.016710
136.150	0.011488
136.175	0.016188
136.200	0.011488
136.225	0.013055
136.250	0.004700
136.275	0.012010
136.300	0.014621
136.325	0.009399
136.350	0.013055
136.375	0.014099
136.400	0.010966
136.425	0.009922
136.450	0.004700
136.475	0.012533
136.500	0.007311
136.525	0.017232
136.550	0.007311
136.575	0.008877
136.600	0.014099
136.625	0.007833
136.650	0.014621
136.675	0.007833
136.700	0.016710
136.725	0.010966
136.750	0.015144
136.775	0.014621
136.800	0.012533
136.825	0.012533
136.850	0.013577
136.875	0.013055
136.900	0.015666
136.925	0.015144
136.950	0.010966
136.975	0.017232
137.000	0.013055
137.025	0.017755
137.050	0.018799
137.075	0.016710
137.100	0.017755
137.125	0.024543
137.150	0.018277
137.175	0.020888
137.200	0.022454
137.225	0.028721
137.250	0.021932
137.275	0.022977
137.300	0.030287
137.325	0.027154
137.350	0.038642
137.375	0.038120
137.400	0.032898
137.425	0.028198
137.450	0.039164
137.475	0.038120
137.500	0.040209
137.525	0.042820
137.550	0.037598
137.575	0.041253
137.600	0.046475
137.625	0.050131
137.650	0.052219
137.675	0.046475
137.700	0.055875
137.725	0.057963
137.750	0.052219
137.775	0.062141
137.800	0.057963
137.825	0.064752
137.850	0.070496
137.875	0.061619
137.900	0.073107
137.925	0.077807
137.950	0.106005
137.975	0.088251
138.000	0.083551
138.025	0.085117
138.050	0.089295
138.075	0.100783
138.100	0.108094
138.125	0.104439
138.150	0.106527
138.175	0.097128
138.200	0.105483
138.225	0.123238
138.250	0.115927
138.275	0.115405
138.300	0.123760
138.325	0.121671
138.350	0.122715
138.375	0.125326
138.400	0.122193
138.425	0.121671
138.450	0.124804
138.475	0.140470
138.500	0.135770
138.525	0.130548
138.550	0.140470
138.575	0.134204
138.600	0.138381
138.625	0.140992
138.650	0.145692
138.675	0.140992
138.700	0.140470
138.725	0.133681
138.750	0.148825
138.775	0.145692
138.800	0.146736
138.825	0.142559
138.850	0.135770
138.875	0.156136
138.900	0.129504
138.925	0.143081
138.950	0.134204
138.975	0.139948
139.000	0.152480
139.025	0.142559
139.050	0.135770
139.075	0.144648
139.100	0.128460
139.125	0.144125
139.150	0.136815
139.175	0.126893
139.200	0.128460
139.225	0.127415
139.250	0.125326
139.275	0.117493
139.300	0.131070
139.325	0.120627
139.350	0.112794
139.375	0.111749
139.400	0.107050
139.425	0.119060
139.450	0.105483
139.475	0.092950
139.500	0.106527
139.525	0.097128
139.550	0.106527
139.575	0.098172
139.600	0.089295
139.625	0.091384
139.650	0.084595
139.675	0.081984
139.700	0.088251
139.725	0.080940
139.750	0.078851
139.775	0.069452
139.800	0.073629
139.825	0.076240
139.850	0.069974
139.875	0.064230
139.900	0.056397
139.925	0.047520
139.950	0.056919
139.975	0.052219
140.000	0.055875
140.025	0.044386
140.050	0.042298
140.075	0.046997
140.100	0.042820
140.125	0.038642
140.150	0.035509
140.175	0.036554
140.200	0.045953
140.225	0.033420
140.250	0.029243
140.275	0.027676
140.300	0.031854
140.325	0.031854
140.350	0.022977
140.375	0.029765
140.400	0.028198
140.425	0.020888
140.450	0.030287
140.475	0.024543
140.500	0.025587
140.525	0.019843
140.550	0.022977
140.575	0.016188
140.600	0.014621
140.625	0.020366
140.650	0.018799
140.675	0.015144
140.700	0.014621
140.725	0.019843
140.750	0.014621
140.775	0.010966
140.800	0.015144
140.825	0.012010
140.850	0.015144
140.875	0.010444
140.900	0.007833
140.925	0.011488
140.950	0.013055
140.975	0.007311
141.000	0.011488
141.025	0.007311
141.050	0.013055
141.075	0.007833
141.100	0.011488
141.125	0.008877
141.150	0.010444
141.175	0.006789
141.200	0.010444
141.225	0.009399
141.250	0.010444
141.275	0.006266
141.300	0.006266
141.325	0.008877
141.350	0.006266
141.375	0.006789
141.400	0.006789
141.425	0.005744
141.450	0.004700
141.475	0.007311
141.500	0.007311
141.525	0.008355
141.550	0.010444
141.575	0.007311
141.600	0.009922
141.625	0.010966
141.650	0.011488
141.675	0.007311
141.700	0.008355
141.725	0.009399
141.750	0.009922
141.775	0.007311
141.800	0.008355
141.825	0.006789
141.850	0.012010
141.875	0.014099
141.900	0.005744
141.925	0.005222
141.950	0.012533
141.975	0.011488
142.000	0.010966
142.025	0.008877
142.050	0.008877
142.075	0.011488
142.100	0.005744
142.125	0.010966
142.150	0.009399
142.175	0.015144
142.200	0.008877
142.225	0.007833
142.250	0.009399
142.275	0.013577
142.300	0.010966
142.325	0.013055
142.350	0.014099
142.375	0.009922
142.400	0.010444
142.425	0.009399
142.450	0.013055
142.475	0.011488
142.500	0.010966
142.525	0.010966
142.550	0.009922
142.575	0.010966
142.600	0.008877
142.625	0.015666
142.650	0.010966
142.675	0.012010
142.700	0.015144
142.725	0.013055
142.750	0.012533
142.775	0.014099
142.800	0.009922
142.825	0.011488
142.850	0.010966
142.875	0.010966
142.900	0.011488
142.925	0.011488
142.950	0.012533
142.975	0.008877
143.000	0.015666
143.025	0.013055
143.050	0.017232
143.075	0.014099
143.100	0.011488
143.125	0.012010
143.150	0.015144
143.175	0.010966
143.200	0.016710
143.225	0.013577
143.250	0.012533
143.275	0.012533
143.300	0.019321
143.325	0.012533
143.350	0.020888
143.375	0.021410
143.400	0.014621
143.425	0.016710
143.450	0.019321
143.475	0.018799
143.500	0.020366
143.525	0.016710
143.550	0.013055
143.575	0.018277
143.600	0.021932
143.625	0.024543
143.650	0.021932
143.675	0.021410
143.700	0.020888
143.725	0.018799
143.750	0.022977
143.775	0.018277
143.800	0.025065
143.825	0.026632
143.850	0.030287
143.875	0.024021
143.900	0.024021
143.925	0.030287
143.950	0.027676
143.975	0.030287
144.000	0.023499
144.025	0.026632
144.050	0.039687
144.075	0.031854
144.100	0.031854
144.125	0.035509
144.150	0.039687
144.175	0.032898
144.200	0.034465
144.225	0.036554
144.250	0.042820
144.275	0.041775
144.300	0.040731
144.325	0.041253
144.350	0.045953
144.375	0.048564
144.400	0.051175
144.425	0.058486
144.450	0.053264
144.475	0.053786
144.500	0.052742
144.525	0.065274
144.550	0.050653
144.575	0.055352
144.600	0.059008
144.625	0.054308
144.650	0.054830
144.675	0.061619
144.700	0.061097
144.725	0.072585
144.750	0.077807
144.775	0.072063
144.800	0.063708
144.825	0.059008
144.850	0.069452
144.875	0.081984
144.900	0.085117
144.925	0.079896
144.950	0.064230
144.975	0.061097
145.000	0.085117
145.025	0.075718
145.050	0.071018
145.075	0.082507
145.100	0.077807
145.125	0.080418
145.150	0.078329
145.175	0.077807
145.200	0.081462
145.225	0.071540
145.250	0.084073
145.275	0.084595
145.300	0.094517
145.325	0.079896
145.350	0.086684
145.375	0.091384
145.400	0.081462
145.425	0.090339
145.450	0.088773
145.475	0.076240
145.500	0.086162
145.525	0.093473
145.550	0.098172
145.575	0.091384
145.600	0.077807
145.625	0.088251
145.650	0.085117
145.675	0.091906
145.700	0.087206
145.725	0.097128
145.750	0.090862
145.775	0.090339
145.800	0.088773
145.825	0.085640
145.850	0.082507
145.875	0.074151
145.900	0.073629
145.925	0.080940
145.950	0.080418
145.975	0.081984
146.000	0.078851
146.025	0.077285
146.050	0.087206
146.075	0.083029
146.100	0.089295
146.125	0.068930
146.150	0.074674
146.175	0.066319
146.200	0.067363
146.225	0.080940
146.250	0.070496
146.275	0.072063
146.300	0.069974
146.325	0.069452
146.350	0.060052
146.375	0.071540
146.400	0.068930
146.425	0.053786
146.450	0.067363
146.475	0.064752
146.500	0.051697
146.525	0.073107
146.550	0.056397
146.575	0.066319
146.600	0.048042
146.625	0.042298
146.650	0.055875
146.675	0.056919
146.700	0.057441
146.725	0.058486
146.750	0.056397
146.775	0.045431
146.800	0.052219
146.825	0.052219
146.850	0.049608
146.875	0.047520
146.900	0.039687
146.925	0.041775
146.950	0.044909
146.975	0.042820
147.000	0.038120
147.025	0.045953
147.050	0.045431
147.075	0.039164
147.100	0.041253
147.125	0.041775
147.150	0.047520
147.175	0.037598
147.200	0.038642
147.225	0.038120
147.250	0.028198
147.275	0.033420
147.300	0.037076
147.325	0.041775
147.350	0.031854
147.375	0.034987
147.400	0.036031
147.425	0.041775
147.450	0.030287
147.475	0.034987
147.500	0.037076
147.525	0.037598
147.550	0.030287
147.575	0.028198
147.600	0.042298
147.625	0.034987
147.650	0.036031
147.675	0.038120
147.700	0.041775
147.725	0.039687
147.750	0.030809
147.775	0.044909
147.800	0.040209
147.825	0.033943
147.850	0.031854
147.875	0.035509
147.900	0.029765
147.925	0.039164
147.950	0.028721
147.975	0.038120
148.000	0.043864
148.025	0.025587
148.050	0.037598
148.075	0.032898
148.100	0.044386
148.125	0.034465
148.150	0.037076
148.175	0.037598
148.200	0.042298
148.225	0.041775
148.250	0.043864
148.275	0.041253
148.300	0.036031
148.325	0.044909
148.350	0.037076
148.375	0.033943
148.400	0.033420
148.425	0.042298
148.450	0.050131
148.475	0.043864
148.500	0.039164
148.525	0.034987
148.550	0.036031
148.575	0.043342
148.600	0.036031
148.625	0.035509
148.650	0.041253
148.675	0.031332
148.700	0.038120
148.725	0.039687
148.750	0.038642
148.775	0.039164
148.800	0.042820
148.825	0.036554
148.850	0.045953
148.875	0.048564
148.900	0.038120
148.925	0.042820
148.950	0.041775
148.975	0.034465
149.000	0.042820
149.025	0.041253
149.050	0.040731
149.075	0.043864
149.100	0.041775
149.125	0.046997
149.150	0.031854
149.175	0.039164
149.200	0.041253
149.225	0.035509
149.250	0.038642
149.275	0.034987
149.300	0.046475
149.325	0.036554
149.350	0.038120
149.375	0.038120
149.400	0.043342
149.425	0.039164
149.450	0.036031
149.475	0.040731
149.500	0.030809
149.525	0.028198
149.550	0.027676
149.575	0.030287
149.600	0.029243
149.625	0.028198
149.650	0.027154
149.675	0.028721
149.700	0.028198
149.725	0.028198
149.750	0.035509
149.775	0.034465
149.800	0.031332
149.825	0.033420
149.850	0.031854
149.875	0.029765
149.900	0.020366
149.925	0.030809
149.950	0.022977
149.975	0.030287
150.000	0.023499
150.025	0.020366
150.050	0.022977
150.075	0.020366
150.100	0.025587
150.125	0.018277
150.150	0.026632
150.175	0.021410
150.200	0.023499
150.225	0.020366
150.250	0.024021
150.275	0.022454
150.300	0.019321
150.325	0.019843
150.350	0.025065
150.375	0.020366
150.400	0.030287
150.425	0.028198
150.450	0.020366
150.475	0.022454
150.500	0.021932
150.525	0.019321
150.550	0.023499
150.575	0.013055
150.600	0.018799
150.625	0.020888
150.650	0.017755
150.675	0.017755
150.700	0.017232
150.725	0.029243
150.750	0.017232
150.775	0.021410
150.800	0.015144
150.825	0.015666
150.850	0.014099
150.875	0.018799
150.900	0.019843
150.925	0.012010
150.950	0.016188
150.975	0.020366
151.000	0.019321
151.025	0.024021
151.050	0.019843
151.075	0.027154
151.100	0.017232
151.125	0.017755
151.150	0.020888
151.175	0.020366
151.200	0.019321
151.225	0.022454
151.250	0.026110
151.275	0.021410
151.300	0.021410
151.325	0.023499
151.350	0.022454
151.375	0.019321
151.400	0.019321
151.425	0.028198
151.450	0.026632
151.475	0.027154
151.500	0.021410
151.525	0.024543
151.550	0.022977
151.575	0.016710
151.600	0.027154
151.625	0.022977
151.650	0.021932
151.675	0.026110
151.700	0.023499
151.725	0.034987
151.750	0.019843
151.775	0.027154
151.800	0.026632
151.825	0.032376
151.850	0.031332
151.875	0.032898
151.900	0.032898
151.925	0.033420
151.950	0.039164
151.975	0.025587
152.000	0.031854
152.025	0.033420
152.050	0.037076
152.075	0.032898
152.100	0.030809
152.125	0.034987
152.150	0.033420
152.175	0.034465
152.200	0.026110
152.225	0.032376
152.250	0.033943
152.275	0.040731
152.300	0.033420
152.325	0.030287
152.350	0.032898
152.375	0.045431
152.400	0.045431
152.425	0.043864
152.450	0.037076
152.475	0.044909
152.500	0.036031
152.525	0.038120
152.550	0.043864
152.575	0.041775
152.600	0.032376
152.625	0.034987
152.650	0.039164
152.675	0.042298
152.700	0.039164
152.725	0.040209
152.750	0.037076
152.775	0.030809
152.800	0.039687
152.825	0.040209
152.850	0.049608
152.875	0.044909
152.900	0.046475
152.925	0.041253
152.950	0.048042
152.975	0.039687
153.000	0.041253
153.025	0.041775
153.050	0.041253
153.075	0.048042
153.100	0.043342
153.125	0.052742
153.150	0.041775
153.175	0.039687
153.200	0.043864
153.225	0.053264
153.250	0.036031
153.275	0.051175
153.300	0.053264
153.325	0.042298
153.350	0.043342
153.375	0.041253
153.400	0.048042
153.425	0.049086
153.450	0.048042
153.475	0.041775
153.500	0.048042
153.525	0.044909
153.550	0.045431
153.575	0.038120
153.600	0.049086
153.625	0.043864
153.650	0.046997
153.675	0.052742
153.700	0.043864
153.725	0.049608
153.750	0.048564
153.775	0.051175
153.800	0.050653
153.825	0.045953
153.850	0.048042
153.875	0.049086
153.900	0.038120
153.925	0.041253
153.950	0.044909
153.975	0.041775
154.000	0.047520
154.025	0.044386
154.050	0.039687
154.075	0.043342
154.100	0.049608
154.125	0.053264
154.150	0.043864
154.175	0.045431
154.200	0.041775
154.225	0.050653
154.250	0.036554
154.275	0.040731
154.300	0.038642
154.325	0.048564
154.350	0.036554
154.375	0.049086
154.400	0.038642
154.425	0.045953
154.450	0.040731
154.475	0.052219
154.500	0.037598
154.525	0.037598
154.550	0.049608
154.575	0.046475
154.600	0.043864
154.625	0.039164
154.650	0.045431
154.675	0.042298
154.700	0.049086
154.725	0.045431
154.750	0.042820
154.775	0.053786
154.800	0.045953
154.825	0.045953
154.850	0.038642
154.875	0.048042
154.900	0.049086
154.925	0.038120
154.950	0.036031
154.975	0.038642
155.000	0.045953
155.025	0.044909
155.050	0.042298
155.075	0.048564
155.100	0.051175
155.125	0.040209
155.150	0.037598
155.175	0.043864
155.200	0.039164
155.225	0.047520
155.250	0.044386
155.275	0.042298
155.300	0.049608
155.325	0.045431
155.350	0.042820
155.375	0.049608
155.400	0.040209
155.425	0.045953
155.450	0.046997
155.475	0.045953
155.500	0.036554
155.525	0.053264
155.550	0.050131
155.575	0.052219
155.600	0.052219
155.625	0.048564
155.650	0.043864
155.675	0.060052
155.700	0.045431
155.725	0.052219
155.750	0.046475
155.775	0.047520
155.800	0.048042
155.825	0.043342
155.850	0.054308
155.875	0.055875
155.900	0.053786
155.925	0.053786
155.950	0.058486
155.975	0.043864
156.000	0.050653
156.025	0.044386
156.050	0.049086
156.075	0.060574
156.100	0.067363
156.125	0.050653
156.150	0.056397
156.175	0.055352
156.200	0.057441
156.225	0.053264
156.250	0.049608
156.275	0.064752
156.300	0.061097
156.325	0.060574
156.350	0.054308
156.375	0.050653
156.400	0.063708
156.425	0.057441
156.450	0.046475
156.475	0.048564
156.500	0.060574
156.525	0.045431
156.550	0.049086
156.575	0.057441
156.600	0.049608
156.625	0.050131
156.650	0.053786
156.675	0.050131
156.700	0.043864
156.725	0.046475
156.750	0.051175
156.775	0.056919
156.800	0.051175
156.825	0.054308
156.850	0.053786
156.875	0.053786
156.900	0.052742
156.925	0.055875
156.950	0.044909
156.975	0.053264
157.000	0.051697
157.025	0.049608
157.050	0.054308
157.075	0.057963
157.100	0.049086
157.125	0.058486
157.150	0.054830
157.175	0.051175
157.200	0.065274
157.225	0.064230
157.250	0.057963
157.275	0.061619
157.300	0.054830
157.325	0.062141
157.350	0.064752
157.375	0.055352
157.400	0.053264
157.425	0.057441
157.450	0.054830
157.475	0.050131
157.500	0.046997
157.525	0.053264
157.550	0.049608
157.575	0.047520
157.600	0.051697
157.625	0.043342
157.650	0.048564
157.675	0.048564
157.700	0.052742
157.725	0.046475
157.750	0.048042
157.775	0.047520
157.800	0.042820
157.825	0.050653
157.850	0.045953
157.875	0.042820
157.900	0.052219
157.925	0.042820
157.950	0.042820
157.975	0.032376
158.000	0.043864
158.025	0.039687
158.050	0.044909
158.075	0.049608
158.100	0.036554
158.125	0.049608
158.150	0.046475
158.175	0.041253
158.200	0.044386
158.225	0.046475
158.250	0.036554
158.275	0.046997
158.300	0.041253
158.325	0.039687
158.350	0.035509
158.375	0.038120
158.400	0.036554
158.425	0.039687
158.450	0.037598
158.475	0.037598
158.500	0.035509
158.525	0.037076
158.550	0.029765
158.575	0.042820
158.600	0.036554
158.625	0.039687
158.650	0.036031
158.675	0.036031
158.700	0.034987
158.725	0.031332
158.750	0.036554
158.775	0.041775
158.800	0.034987
158.825	0.031332
158.850	0.037076
158.875	0.028198
158.900	0.020888
158.925	0.030287
158.950	0.032898
158.975	0.030809
159.000	0.029243
159.025	0.031332
159.050	0.027676
159.075	0.030809
159.100	0.026632
159.125	0.024021
159.150	0.026110
159.175	0.029243
159.200	0.026632
159.225	0.020366
159.250	0.025587
159.275	0.017232
159.300	0.028721
159.325	0.023499
159.350	0.022454
159.375	0.028721
159.400	0.015666
159.425	0.016188
159.450	0.016710
159.475	0.021410
159.500	0.017232
159.525	0.023499
159.550	0.020888
159.575	0.014621
159.600	0.019843
159.625	0.017755
159.650	0.022454
159.675	0.017755
159.700	0.014099
159.725	0.019843
159.750	0.018799
159.775	0.017232
159.800	0.012533
159.825	0.010444
159.850	0.013055
159.875	0.019843
159.900	0.010966
159.925	0.019843
159.950	0.012010
159.975	0.010444
